0.9685984063	7885 7886
0.9684365584	4907 6392
0.9680501827	1366 1367
0.9640535406	6341 6342
0.9636189423	4237 4238 4580
0.9634231589	5384 5385
0.9601491466	103 118
0.9597385412	1267 1268
0.9592934886	2116 2117
0.9585141574	4120 5373
0.9581512259	4237 4238 4239
0.9574176148	875 1327
0.9563858120	848 1301
0.9559959126	4043 3704 197
0.9545629181	4553 4261
0.9540938610	4508 5874
0.9540759707	298 299
0.9540559673	2350 6134
0.9532968134	5016 785
0.9530879947	4013 4014
0.9516459199	2229 6101
0.9516273293	5056 5057
0.9511646693	2263 3540
0.9494327828	6818 6820
0.9490008690	4037 2826 340
0.9476975077	5433 952
0.9466269028	811 1187
0.9464050771	3968 3969
0.9462952090	2314 3948
0.9461572867	1310 818
0.9431666795	3163 3928
0.9428666696	582 927
0.9428366553	3376 134
0.9420681876	3274 3874
0.9419570320	10690 20594
0.9412567876	180 319
0.9410683378	3706 4119
0.9398346588	4036 113
0.9395934422	4472 245
0.9367212908	3840 785
0.9365981121	2229 3943
0.9361317405	3025 3781
0.9340838978	4058 14219
0.9309614166	761 5328
0.9292549017	6714 890
0.9290548122	2798 4261
0.9281781760	3783 3965
0.9270408621	3593 3599
0.9269573317	1418 818
0.9269390859	251 1016
0.9267034126	14223 3507 3213 3599
0.9266622436	924 582 927
0.9262678174	3543 3540
0.9261051270	4400 3742
0.9253644231	13401 5391
0.9252087320	2211 2213
0.9247493902	1786 4043
0.9242554995	5016 890
0.9239092947	3025 1182
0.9214123205	1369 6713
0.9211972341	5490 669
0.9208194228	4070 4654
0.9205971733	5648 1107
0.9191403392	340 1814
0.9189688236	5277 14
0.9182075483	5505 5506
0.9176198841	3840 890
0.9173027581	1186 1187
0.9156581145	4508 5874 113
0.9144911544	3515 3599
0.9107155153	1013 4390
0.9096495440	811 259
0.9090666336	1031 4043
0.9076924261	3929 491
0.9073969206	10861 4254
0.9062535103	6724 5983
0.9052510556	1013 4384
0.9024519968	560 564
0.9022520600	2846 816
0.9016191084	4238 4239
0.9009571915	1036 2185
0.9003527273	9126 3970
0.8998699774	689 2751
0.8997634597	897 5523 3502
0.8990733139	4285 5509
0.8977715601	1053 6170
0.8972290769	3243 4959
0.8968317920	1454 1455
0.8954010231	3914 3915
0.8949828093	931 967
0.8939559743	8828 5324 697
0.8925541539	3702 3704
0.8898597455	4058 418 3599
0.8894128533	6211 108 4517
0.8893236706	1034 2238 2826 340
0.8890431685	14232 1006
0.8888506970	4031 4491
0.8887065238	1053 3628 340
0.8885549881	5773 919
0.8878127787	3885 3213
0.8876199729	1053 3628 340 151
0.8853007519	1590 897
0.8852293980	7210 151
0.8845727284	671 340
0.8835589345	59 3530
0.8833120890	7756 3525
0.8824975173	3532 1035
0.8823187535	5532 3848
0.8817780821	2703 909
0.8814755231	1841 656
0.8810694627	3714 3213
0.8804182905	3304 3501
0.8788798846	3025 2826
0.8779209006	6816 4254
0.8766796719	325 3956
0.8756182029	249 1304 101
0.8748063263	144 1725 1036
0.8735665575	5906 7978
0.8729819278	151 7910
0.8727890154	1130 3769
0.8726864516	8828 5324 697 3135
0.8721886761	205 4064 113
0.8702161356	808 1322
0.8699178293	761 5324 697
0.8689227138	3668 3499
0.8667610778	2206 635
0.8665463412	3780 3968 3990 3599
0.8662847564	3400 2674
0.8658998461	4070 3599
0.8651894780	3025 3504
0.8649934956	3790 3742
0.8647774577	1159 3525 5661
0.8638714267	251 820
0.8636016034	9016 656
0.8635074832	3505 17632
0.8613788902	7758 3525
0.8611455858	2275 1805
0.8608719943	4070 6194
0.8605026956	3516 1224
0.8589571859	2403 2405 113
0.8578909921	2319 4677
0.8575957977	2826 1301
0.8573949443	2014 4677
0.8559331092	1013 3653
0.8551173740	867 564
0.8550251699	950 4083
0.8541890247	4191 3840 890 3499
0.8536987263	91 326
0.8514203072	290 3857
0.8511882095	1786 3870
0.8507558812	1786 3920
0.8485165180	7909 113 1441
0.8482907843	1031 4043 807
0.8477903890	3840 3915
0.8467671037	1590 2356
0.8464813179	9153 7083 1805
0.8459741799	3830 3495
0.8456297351	4617 3532
0.8452857249	3809 3810
0.8451900541	4659 3852
0.8449278144	350 1805
0.8446394403	6426 3565
0.8444538529	1034 1075
0.8424256576	6189 6139
0.8414133284	418 3511
0.8414062087	3840 3525
0.8398441338	4052 326
0.8394189127	5490 3499
0.8393330355	867 2218
0.8386720579	1159 708
0.8384846627	4401 1805
0.8378288957	2798 4261 360
0.8371934263	1885 3915
0.8356915317	4867 199
0.8349823675	6832 5728
0.8348074396	3792 286
0.8322835666	3114 708
0.8319959058	3499 360
0.8318407557	5897 59
0.8311216455	3914 3525
0.8309564873	1786 1590 3742
0.8307694662	91 557
0.8305005057	1035 4574
0.8301077771	9153 7083
0.8298311585	5897 12847
0.8285296847	9127 2066 9127
0.8283978737	3840 890 1360
0.8274864298	1786 1590
0.8271153501	59 5861
0.8246220164	734 3622
0.8227120164	5183 3726 93 5185 2239
0.8225181610	2319 2299
0.8222531165	3304 340
0.8217590476	4238 4580
0.8210823332	3800 4491
0.8203439070	1075 4083
0.8197006072	292 2096
0.8189755461	3532 4337
0.8184354337	14223 3507 3213
0.8184138103	144 5324 253
0.8179884513	5017 83
0.8175259666	1370 379
0.8157803745	3938 86
0.8148934339	1035 3587
0.8142782991	3213 3599
0.8137256819	671 2096
0.8134271876	3400 4427
0.8133298741	3840 890 3499
0.8124729937	6525 3715
0.8122189097	4075 747
0.8107829106	344 3753
0.8092341365	205 4064 113 491 86
0.8092279942	9126 2126
0.8082270782	91 6133
0.8077062565	3304 667
0.8057274038	1023 897
0.8055992414	4390 1885 3525 3599
0.8038223735	4031 4137
0.8027818204	867 4621
0.8016466985	1483 1067
0.8012788525	4031 4404
0.7986478822	671 5510 897
0.7984090247	3971 3565
0.7979461585	15105 455 3599
0.7976063357	1086 8367
0.7957337053	3493 360
0.7956128091	4075 669
0.7946075990	3524 3525
0.7944548436	4705 1303
0.7941435786	9343 885
0.7933115492	521 905
0.7917823921	1035 4259
0.7911276091	432 1016
0.7906446869	5340 805 7903
0.7887699849	4070 4067
0.7876819018	3185 1590
0.7875169149	1970 3711
0.7874396513	820 259
0.7858856280	3975 86
0.7858302634	61 575
0.7856179574	356 3762
0.7828082099	491 807
0.7826945030	3798 897
0.7791529360	902 1013 113
0.7791275924	1786 678
0.7790975152	1786 1744
0.7790350715	7352 3758
0.7770181478	2826 340
0.7759063507	3800 4404
0.7745948948	3025 1136
0.7742641171	946 3753
0.7730234332	3506 101
0.7712912453	4782 1590
0.7701934640	3797 3851
0.7685158093	3952 2324
0.7682641094	1590 3213
0.7664683134	697 3135
0.7646083865	503 101
0.7645998249	8828 5324
0.7645325841	2014 4249
0.7642980732	1771 1211
0.7638246227	635 857
0.7629561357	3885 1217
0.7626520811	5324 697
0.7622843531	3800 1786
0.7608961073	3025 1104
0.7605553379	1013 3915
0.7599208072	151 3895
0.7587294482	2826 2096
0.7560282002	1786 3499
0.7554953088	1907 1805
0.7549466930	4254 523 4286
0.7543910465	3587 4826
0.7524856389	3799 3742
0.7504040989	3025 768
0.7483459768	3898 1805
0.7467207170	7659 671
0.7466615374	635 3042
0.7429306273	4207 3742
0.7414305028	4241 669
0.7405752131	1590 3742
0.7367601091	956 251
0.7341913078	139 3156
0.7330075726	3758 3499
0.7324840761	6900 1590
0.7290831512	3666 3742
0.7277852349	6659 671
0.7265381442	3995 47 4002
0.7255651252	3025 7765
0.7233624008	3499 3495
0.7219376416	491 816
0.7210257685	281 487
0.7194123480	2686 3511
0.7187294683	3583 669
0.7187214125	144 36
0.7185238007	1786 4306
0.7183582866	656 831
0.7178476963	144 2326
0.7177181696	139 2313
0.7171761306	82 1640
0.7167524234	1073 3577
0.7160486360	3599 101
0.7160350607	6243 503
0.7145939300	2777 2324
0.7140965840	418 3213 3599
0.7132930577	671 5510
0.7121620430	281 627
0.7114682931	3964 3506
0.7104103440	290 3587
0.7090223790	5324 697 3135
0.7073135381	59 2281
0.7014576183	1432 173
0.6998509028	3797 3705
0.6985128238	3583 3697
0.6978752345	409 13070
0.6973377248	7347 410
0.6963960950	615 30 501
0.6942911275	656 326
0.6932608853	3304 1020
0.6924709001	946 3697
0.6877797866	1403 2686
0.6859287782	3507 3213 3599
0.6833964465	4594 4554
0.6824873300	4241 3499
0.6820061489	144 292
0.6751459753	252 126
0.6744630716	42 8286 5370
0.6739084530	3499 6264
0.6727668492	36 418
0.6702209378	61 345
0.6700584829	5099 999
0.6681093519	6367 897
0.6659384606	3745 897
0.6648313631	3583 3753
0.6647906076	149 577 775
0.6639760351	3274 3874 3213
0.6638432908	3985 2625
0.6635649160	34 487
0.6615607079	1071 807
0.6586178574	144 606
0.6579104087	5183 3726 93
0.6574242305	1013 4320
0.6574148689	3565 669
0.6568444920	144 2326 1590
0.6564039311	902 296 113
0.6548798280	46 88
0.6539028670	61 1011
0.6513227939	1786 1590 101
0.6490706026	3729 3213
0.6476589831	3213 3213 2773
0.6473175380	4705 1303 340
0.6471702780	5510 340
0.6426344483	3797 101
0.6406032052	671 3798 897
0.6405397006	3651 1590 3213
0.6402710401	4677 1786
0.6391473278	799 801
0.6387418406	3505 4011
0.6383210554	179 3965
0.6381142937	3505 4011 296
0.6351223010	935 725
0.6320037443	10352 113
0.6297839857	1006 451
0.6286497886	782 92 1839
0.6279574441	123 126
0.6229918909	1403 2686 3587
0.6221323323	61 683
0.6213330356	1786 1590 3213
0.6202736558	205 3655
0.6177529051	3842 360
0.6172998444	213 5768
0.6142246639	1013 3525
0.6136660910	4254 4013 4014
0.6123572028	1885 3525
0.6115950621	1657 3213
0.6109259851	199 3583
0.6072061304	3800 3762
0.6067291855	521 749
0.6033854807	855 902
0.6025912850	326 831
0.6021217321	2098 776
0.6000779584	1013 3774
0.5911803999	761 5324
0.5892436619	3213 4654
0.5881756838	5510 2356
0.5854252872	2415 12486
0.5832361209	811 90
0.5777797888	635 1501
0.5764513111	3857 3135
0.5750573941	252 253
0.5705496345	411 776
0.5645528790	4028 418
0.5615205925	1000 560
0.5568669091	3304 1217
0.5536373836	1438 1439 95
0.5515700546	3651 101
0.5509539616	3780 3968 3990
0.5487532566	5523 3502
0.5462932490	521 26
0.5458846517	205 524 3025
0.5436218929	518 1805
0.5433377589	1298 750
0.5432161354	32 184 37
0.5359643220	121 316 487
0.5346159865	3851 3742
0.5330436276	48 635 1501
0.5235048893	316 487
0.5226029410	1590 1217
0.5219621852	4058 418
0.5185461722	1601 2097
0.5170662007	59 3895
0.5136216096	524 3025
0.5130541663	671 3798
0.5122392897	3840 890 3213
0.5108964281	968 596
0.5096826733	1970 4089
0.5065242133	516 7385
0.5054816670	1035 671
0.5011324437	121 281 487
0.5005839905	3628 340 151
0.4921998790	1590 101
0.4911103155	1035 3577
0.4897032713	360 142
0.4856325135	4929 1590
0.4829248289	121 34 487
0.4806899513	3780 3968
0.4801454755	4028 344
0.4800676699	92 95
0.4770985621	1013 4320 59
0.4764308781	3606 2006
0.4745561214	1048 3830
0.4742971278	3565 3499
0.4738170835	2686 1786 1590
0.4733379137	897 5523
0.4727157247	28 635 421
0.4698359565	5510 897
0.4692605258	581 61
0.4687565337	524 232
0.4662792784	4043 3704
0.4651136654	3505 3072
0.4634991424	3025 2686
0.4579940878	3975 286
0.4559296205	287 1385
0.4558541003	1786 1590 1217
0.4539953949	999 3587
0.4531275215	1013 3525 669
0.4513812245	728 417 545
0.4500844438	4031 3499
0.4491499637	1031 1590
0.4487323086	6743 92
0.4458728152	1035 230
0.4430369435	3583 3213
0.4429647800	7083 1805
0.4419360355	3151 296
0.4395923517	577 775
0.4376440897	4011 296
0.4370775448	3599 3742
0.4362293598	1159 3525
0.4361123985	249 271
0.4343130777	3213 4507
0.4337371449	144 2869 30
0.4277022474	3025 491
0.4253068511	2686 1786
0.4227339467	139 1040
0.4225140651	3840 890 1084
0.4223020866	4031 3577
0.4212174020	3213 3599 1013
0.4212076352	1121 1013
0.4190634091	1035 3710
0.4125663411	789 14
0.4060000601	139 25 855
0.4055095328	62 383
0.4026774221	3783 378
0.4023790979	5340 805
0.4017157204	4261 360
0.4014044059	2503 991
0.3995324798	1439 95
0.3964526186	4064 113
0.3956360197	360 4116
0.3938698411	14223 3507
0.3932680363	1590 3687
0.3925909800	32 313 314
0.3921291540	1786 1084
0.3914867712	18 10046
0.3902006400	414 1439 95
0.3818843089	728 417 5052
0.3804245825	1825 239
0.3791099185	414 378 383 95
0.3771625451	728 417 732
0.3748005953	902 296
0.3736631733	20 4237 4238 4239
0.3732821807	1771 1035
0.3650494321	1277 3506
0.3622798745	121 281 627
0.3615941870	249 119
0.3604078703	13976 86
0.3604043695	42 1889
0.3602926766	3304 3213
0.3587771989	1071 805
0.3523907044	42 382
0.3519343106	86 47 286
0.3507431728	1086 457
0.3498248103	113 491
0.3491725618	1590 4697
0.3482688061	62 383 227 1117 18
0.3478779015	144 5324
0.3453798683	144 271
0.3447317480	3829 205
0.3446102759	18 426
0.3429743311	3506 669
0.3394729025	1970 4089 18
0.3390342763	18 6013
0.3388850987	18 879
0.3355717893	1616 274
0.3350477309	3499 2686
0.3323392747	968 194
0.3305905959	108 845
0.3299797183	42 3896 1805
0.3281671697	457 91 326
0.3246667893	18 9627
0.3228178166	5773 86
0.3171165264	1035 3400
0.3169637352	414 95
0.3158899350	249 1304
0.3152863596	516 37
0.3152725573	1590 4543
0.3109346151	1139 831
0.3104871594	18 7954
0.3104610963	857 859
0.3049172061	521 26 18
0.3045464642	417 234
0.3044812334	3704 197
0.2982514359	3217 991
0.2969749142	1092 1144
0.2953316279	48 635
0.2908538896	1099 417
0.2904045479	108 90
0.2884974325	6646 174
0.2877861600	3213 2773
0.2873713820	4503 86
0.2872643060	18 12044
0.2805556771	144 271 30
0.2798277938	1885 1439
0.2777012069	1616 1829
0.2773099244	2495 174
0.2766610414	3728 383
0.2748295723	1035 3506
0.2743054938	3651 1590
0.2738275056	10864 86
0.2733540174	1590 669
0.2728662834	2826 340 1075
0.2723001417	897 2686
0.2716477000	28 4031 3577
0.2705352141	1515 39
0.2700997006	1651 376
0.2698420728	1075 151
0.2677028289	281 370
0.2676379475	32 3736
0.2644166300	831 86
0.2630157371	91 326 805
0.2609490552	585 39
0.2598082270	28 2014
0.2596515121	3599 3851
0.2539462315	3628 340
0.2509261746	32 3929 491
0.2489114266	3213 4070
0.2480141426	2193 18
0.2479221619	20 2715
0.2471183788	113 491 86
0.2455265551	4241 669 30
0.2443651053	105 91 326
0.2441308896	42 382 671
0.2437988185	4041 86
0.2415866231	121 281
0.2411297210	3674 275
0.2405071917	8070 18
0.2401896066	1357 417
0.2399270806	34 370
0.2388944237	2956 91
0.2377370611	1590 2356 39
0.2357199247	108 1150
0.2351325590	2446 174
0.2348393300	3840 890 1084 30
0.2344218675	42 1722
0.2343278736	18 1574
0.2336431085	3213 271
0.2328151595	32 3914 3525
0.2326265497	27 1692
0.2324830286	4052 2006
0.2313866125	3797 3705 30
0.2306133067	986 21
0.2294993531	93 592
0.2293680449	121 316
0.2285621916	3304 3501 275
0.2282387056	4058 179
0.2276951219	25 1371 18
0.2274392457	867 4621 30
0.2246594127	42 382 47 42 1889
0.2243582459	3025 433
0.2243417682	3213 3499
0.2235747171	611 91
0.2221596810	1304 101
0.2221283924	919 674
0.2214830516	1809 18
0.2203528684	879 5007
0.2199762019	2686 3587
0.2185986509	516 1092
0.2178000533	3493 360 30
0.2173083867	3793 275
0.2159227376	4113 376
0.2153985955	139 25 924
0.2143384570	9708 18
0.2133944221	728 417
0.2122248790	418 3851 30
0.2119238291	249 119 30
0.2104976056	1525 18
0.2094638542	4260 18
0.2068345248	881 174
0.2060508889	28 4867 199
0.2055699481	521 1047
0.2043387489	524 1805
0.2004162296	4122 27
0.2001634993	1590 897 39
0.1973303788	2288 18
0.1959497820	3621 42
0.1951444720	27 1544 27
0.1949394823	959 376
0.1946080230	457 4414
0.1932290430	20 411
0.1926871777	491 805
0.1915009497	121 34
0.1910009980	5511 25
0.1902699273	32 1095 4594
0.1897963615	544 18
0.1891064514	4004 25
0.1890724224	516 669
0.1882260141	5104 18
0.1873835534	414 1439
0.1869710726	54 25
0.1857571713	13584 275
0.1854819132	535 30
0.1851787840	32 1835
0.1851724906	139 25
0.1825887083	93 3892
0.1821556251	6674 18
0.1813798304	5411 991
0.1811876176	944 42
0.1803797962	1499 27
0.1793631024	20 2098
0.1791550231	3087 18
0.1789400978	6676 25
0.1787064336	15105 455
0.1786292780	919 647
0.1785520968	42 5743 25
0.1773862788	3771 859
0.1765809831	296 3025
0.1765718706	18 4748
0.1758320166	3679 27
0.1753866848	42 1719 18
0.1745738745	1501 859
0.1745161868	885 3213
0.1741085577	4070 4067 30
0.1727259315	980 18
0.1720984078	902 1013
0.1719254288	32 671 3798 897
0.1716455497	623 18
0.1715172705	2098 39
0.1697318077	596 165
0.1694425617	880 18
0.1693685428	1726 859
0.1688439446	418 3599
0.1680082090	32 3025 1182
0.1654878428	7243 25
0.1622519881	109 859
0.1619211499	42 435
0.1615583142	1767 47 165
0.1602335225	378 383
0.1602168328	3771 729
0.1596845731	3243 4959 30
0.1585585417	523 4286
0.1579384449	42 4622 18
0.1578051563	4286 775
0.1575581711	18 879 5007
0.1565998668	121 281 370
0.1561594856	92 1839
0.1544607654	32 3506 30
0.1544537988	32 3840 3525
0.1535200707	1437 25
0.1534259809	54 18
0.1532774871	360 4688
0.1519775625	3025 1075
0.1515674321	32 5419 30
0.1514814325	3499 360 30
0.1508849129	3213 1006
0.1507790359	1584 25
0.1505674321	32 252 30
0.1504607654	32 37 30
0.1498906019	28 4584 30
0.1497507542	18 9249
0.1496284201	3711 2021
0.1496068261	376 3377 30
0.1495674321	28 253 30
0.1494607654	32 671 30
0.1491064288	2573 859
0.1488563723	17 18
0.1485674321	32 1815 30
0.1479137710	262 312
0.1475674321	32 839 30
0.1475674321	32 1590 30
0.1474607654	28 3400 30
0.1473030460	42 466 25
0.1465674321	32 29 30
0.1465674321	32 1722 30
0.1456942648	205 1035
0.1455674321	32 1726 30
0.1454964858	1359 18
0.1453533764	20 5727
0.1451725226	3758 3499 30
0.1450012154	32 205 4064 113
0.1445745977	2102 18
0.1445674321	32 1090 30
0.1445674321	28 3213 30
0.1442765548	575 383
0.1435241219	32 252 253
0.1425674321	32 882 30
0.1421991298	20 411 776
0.1409376868	867 2218 30
0.1399784138	3659 18
0.1398290586	32 1154 30
0.1392763960	3874 3213
0.1389589396	326 86
0.1382738850	380 18
0.1376653816	455 647
0.1375001382	273 275
0.1373547276	2773 859
0.1370167258	59 286
0.1365715753	57 417
0.1350072414	1111 18
0.1350016911	3550 30
0.1347149485	4237 4238 4239 30
0.1346136220	32 1786 1590 3742
0.1333625088	151 1035
0.1330845162	4759 18
0.1319270724	26 18
0.1316279470	285 195
0.1312681879	32 1786 1590
0.1309447558	3213 1590
0.1305599815	3896 1805
0.1288390760	32 3506 669
0.1287692526	5728 3213
0.1281093928	4721 25
0.1280467709	3573 30
0.1276707970	3025 3304
0.1269540043	1786 3213
0.1264883135	32 59 3895
0.1259664861	32 502
0.1255068376	4045 275
0.1248896602	3840 890 3499 30
0.1241310188	7760 42
0.1222779761	418 3851
0.1221844951	151 86
0.1216737203	1095 882
0.1215847376	38 92
0.1214016020	2326 1590
0.1211043498	28 4246
0.1208229690	20 2898
0.1208190976	6344 376
0.1207662846	8328 18
0.1202290411	105 674
0.1198247012	48 881 174
0.1188859610	1804 376
0.1188538210	3525 669
0.1186833840	48 881
0.1171197266	42 8286
0.1166891025	986 383
0.1162280453	3797 3851 30
0.1158920643	4035 30
0.1157384908	108 4517
0.1155091731	326 2936
0.1152932133	3734 30
0.1152324313	18 6935
0.1147792672	3525 669 30
0.1141620139	474 165
0.1134073766	32 1035 3577
0.1133490625	61 575 42
0.1131778138	1006 1002
0.1131690576	274 18
0.1131555990	2176 30
0.1130274390	92 673
0.1126945840	3213 3213
0.1121767895	296 1805
0.1110155362	3753 1590
0.1110144121	32 1013 3653
0.1110144121	32 1013 4384
0.1096262319	42 555 30
0.1094387734	3840 785 30
0.1094132462	32 671 3798
0.1091302101	340 1075
0.1091225054	121 34 370
0.1070662690	2032 1144
0.1066006528	6098 30
0.1063257887	32 3985 2625
0.1061836014	28 2160 30
0.1059076414	1035 3587 42
0.1049990276	409 376
0.1040179803	3506 101 42
0.1034188838	32 3758 3499
0.1031473338	457 91
0.1027547794	125 139
0.1021985594	1170 376
0.1021560538	523 310
0.1020683263	574 275
0.1016075861	105 91
0.1014045823	491 86
0.1013035017	789 3213
0.1008941808	3570 376
0.0997158690	32 671 340
0.0982158734	32 205
0.0980349323	383 227 1117 18
0.0979231636	20 411 776 42
0.0979134400	647 165
0.0966370595	3925 30
0.0963354583	1786 1590 3742 30
0.0962711614	3899 376
0.0961491499	32 3623
0.0957872899	4337 1002
0.0955973214	28 3908
0.0955344780	3742 1002
0.0953343832	411 776 42
0.0949730627	3990 3599
0.0934816988	463 542
0.0923194398	3990 376
0.0915511180	92 919
0.0914454578	392 174
0.0912222115	28 248 30
0.0910237512	92 187
0.0910084442	32 1786 1590 3742 30
0.0898481940	414 378 383
0.0896481366	1095 4594
0.0896199597	315 39
0.0894180676	3495 18
0.0893955903	2781 313
0.0889474083	3555 25
0.0880198452	497 789
0.0877604791	455 3599
0.0871412006	3866 39
0.0871103089	32 2963
0.0868887828	1034 2238
0.0866464175	1093 18
0.0865950591	5490 39
0.0862126760	360 30
0.0857460610	2448 39
0.0857367130	28 3692
0.0852547598	1172 376
0.0852219938	885 18
0.0848684649	418 174
0.0842353916	3797 101 30
0.0838659175	3749 376
0.0837739920	601 39
0.0837166571	32 46
0.0836621977	4594 86
0.0832720493	4427 30
0.0821421738	4089 18
0.0818714248	742 25
0.0812122260	121 173
0.0801270474	139 1601
0.0799075624	281 2032
0.0794442992	1590 3742 30
0.0792168099	253 296
0.0791690803	239 25
0.0791245799	1826 39
0.0787625899	523 312
0.0783611728	776 42
0.0778328664	2686 3587 30
0.0771820110	32 590
0.0764510034	1438 1439
0.0761099651	789 1217
0.0760794219	32 1542 30
0.0749583110	3587 30
0.0743310180	3512 18
0.0739752897	491 296
0.0733831643	20 3243
0.0722024001	5887 30
0.0716766260	2906 30
0.0715654947	32 9933 30
0.0715654947	28 481 30
0.0714766657	4496 30
0.0710525318	32 3306
0.0705853778	3866 18
0.0705778176	357 1102
0.0704162423	81 18
0.0703915676	317 275
0.0695465536	32 1721 30
0.0692666777	28 635
0.0684403262	1590 18
0.0679322012	6211 108
0.0675242611	516 881
0.0672779826	340 86
0.0670689321	3501 275
0.0668218928	516 1726
0.0665620656	961 30
0.0661705777	28 552
0.0656597214	2360 30
0.0653465069	411 39
0.0653363097	151 286
0.0653264400	32 535 30
0.0651949807	749 27
0.0649619980	32 552
0.0649455939	367 18
0.0648662753	417 327
0.0648421598	3135 766
0.0643532922	18 7432
0.0642253430	3563 30
0.0637629485	18 3844
0.0636582109	18 7647
0.0635145333	3561 357
0.0634540023	1625 376
0.0633550657	18 4195
0.0632304249	1726 25
0.0630659023	1017 376
0.0624785191	327 285
0.0622936351	28 860
0.0621946589	121 1073
0.0616980651	174 3655
0.0616284779	273 42
0.0615842187	3084 18
0.0612343365	9233 30
0.0612216059	1736 18
0.0610496034	20 421 42
0.0609271751	18 5214
0.0602944776	3851 30
0.0602530657	28 128
0.0601458680	32 183 30
0.0598504571	18 551
0.0589685939	425 174
0.0585205713	5401 39
0.0581640918	59 86
0.0579790301	32 315 30
0.0578715941	28 4762
0.0574449700	57 463
0.0563896063	32 1240
0.0559556101	28 5662
0.0558524637	1067 39
0.0557858276	32 3275 30
0.0552883854	3652 18
0.0552802384	4163 30
0.0549981491	125 357
0.0549339710	1940 93
0.0548222404	3213 286
0.0545074765	3495 25
0.0544691929	194 165
0.0543934976	92 455
0.0542502646	3771 93
0.0541788253	731 18
0.0540717949	42 4262
0.0535206424	498 86
0.0533605166	18 9896
0.0530320162	1319 18
0.0529288394	3848 42
0.0527075278	28 5642
0.0526282557	2393 376
0.0525869417	28 1631
0.0521088260	3945 30
0.0520240294	216 27
0.0519482157	6264 18
0.0517186369	20 410
0.0516738005	105 4052
0.0515058617	523 747
0.0511030880	3966 275
0.0506666936	3213 86
0.0504368179	28 1562
0.0503431117	5495 42
0.0500537015	28 466 30
0.0500281676	27 1625 376
0.0494346486	310 275
0.0493025438	375 30
0.0492622572	173 766
0.0488563655	194 92
0.0481176186	93 592 523
0.0479745475	32 1710 30
0.0478786003	32 2102 30
0.0477771452	1987 42
0.0474161946	6050 30
0.0472410538	794 25
0.0469366331	417 61
0.0469304540	881 30
0.0468420263	165 152
0.0465352209	3507 376
0.0460739146	42 946 18
0.0458568043	28 1083
0.0456691987	4584 30
0.0456217966	28 5401
0.0454781096	3845 30
0.0454261784	28 195 25
0.0454195692	3030 376
0.0454194232	42 435 18
0.0447036369	3705 30
0.0445312158	1830 18
0.0444344988	121 1805
0.0443784150	1783 18
0.0440146748	2936 86
0.0437769784	28 1620 30
0.0437537394	2107 30
0.0437345436	1038 39
0.0434327483	11557 30
0.0434210261	919 194
0.0433460946	5444 18
0.0432820023	516 3753
0.0432245432	42 1722 18
0.0430270215	3561 523
0.0428724885	173 174
0.0428649326	152 25
0.0425177752	6831 25
0.0424537394	32 1154
0.0422496089	28 1054
0.0415999528	3585 376
0.0415763292	9894 30
0.0414527800	764 30
0.0414511469	523 1102
0.0414428928	3609 30
0.0414351000	184 42
0.0412487757	57 728
0.0411004529	671 275
0.0405179902	4805 30
0.0401011211	2674 30
0.0396638949	1679 376
0.0396224161	776 30
0.0395781360	234 376
0.0392748257	3548 18
0.0392567698	392 30
0.0390439357	3534 376
0.0389888662	427 42
0.0389634889	102 30
0.0388439928	216 18
0.0387495279	7436 30
0.0385897552	18 4323
0.0383024835	32 886 30
0.0381263343	481 275
0.0375860499	669 30
0.0374506083	32 881 30
0.0374177301	4304 18
0.0373986501	421 42
0.0373783043	749 376
0.0369525205	803 18
0.0369449283	28 776 39
0.0368152216	317 376
0.0367776843	4161 18
0.0365911834	518 25
0.0365327795	8904 30
0.0364001678	1501 42
0.0359245798	12 30
0.0359217267	20 421
0.0358564301	1154 30
0.0357103318	3556 30
0.0356600795	776 39
0.0356578208	81 859
0.0354274835	32 759 30
0.0353046573	946 18
0.0353038375	7421 30
0.0351358168	28 4883 30
0.0351157320	628 42
0.0349820900	1402 30
0.0347783413	1042 30
0.0347203697	163 30
0.0346886781	1840 18
0.0346236713	545 42
0.0345063637	3441 25
0.0344677865	32 1095
0.0344446560	32 634 30
0.0342779893	32 776 30
0.0340891308	3966 30
0.0339438477	2624 275
0.0335749375	27 54 18
0.0333175778	20 4237
0.0332067527	32 43 30
0.0331423818	18 3469
0.0331091210	7102 30
0.0330647406	4204 30
0.0329984194	32 85 30
0.0329984194	32 606 30
0.0329508956	1949 30
0.0329110580	121 1084
0.0328658621	92 86
0.0328442340	2451 18
0.0326487873	5698 30
0.0326462298	3526 18
0.0325555417	2944 30
0.0324722768	18 5969
0.0324040216	28 4359
0.0323994549	4784 30
0.0321356927	32 2573 859
0.0320878200	3848 93
0.0320294389	1024 30
0.0320168391	27 1544
0.0319684752	3680 18
0.0314837354	1492 30
0.0314689488	3219 30
0.0314097267	4081 376
0.0313360403	3802 30
0.0312702407	4542 30
0.0312044284	5411 25
0.0311897288	455 474
0.0310940779	1291 30
0.0310400861	32 392 30
0.0309731467	271 30
0.0307858904	32 1717 30
0.0307346701	81 42
0.0307185847	516 1035
0.0305657729	4314 18
0.0305657729	412 18
0.0303657898	2869 30
0.0303095435	121 1217
0.0303054161	32 3587 30
0.0301131199	3961 30
0.0300097629	3152 42
0.0298474380	28 1500
0.0297854350	5043 18
0.0297808731	3 30
0.0296668833	2408 30
0.0296293175	28 144
0.0295963772	1620 30
0.0295045687	1617 30
0.0292212455	32 152 30
0.0291705482	28 2912
0.0291412339	4945 30
0.0290479184	1475 25
0.0290281455	6526 30
0.0288092423	542 42
0.0286461867	7929 30
0.0285601051	57 728 417
0.0285322454	667 30
0.0283401417	32 281
0.0283197516	32 3914
0.0282064888	1141 30
0.0281573629	3042 42
0.0280143581	28 427
0.0279463337	174 2936
0.0279207362	1940 376
0.0276136771	3977 18
0.0275860541	586 30
0.0275591856	3851 376
0.0273348632	1949 376
0.0272826101	277 30
0.0272429902	2114 30
0.0270325110	4523 18
0.0269557351	32 1506
0.0269356132	5398 42
0.0268441318	280 25
0.0264153616	34 174
0.0263881321	1959 30
0.0263720031	3174 30
0.0263534621	379 18
0.0262552243	109 25
0.0262414494	28 3453
0.0258548794	1314 30
0.0257451030	1593 25
0.0257128195	101 42
0.0256617471	1862 30
0.0250155744	1090 376
0.0249832574	4970 30
0.0249356132	3441 18
0.0247975446	26 376
0.0245461529	101 30
0.0239967469	32 1721
0.0239818697	2025 30
0.0237230787	183 30
0.0235798809	32 3275
0.0235658341	28 776 42
0.0235142931	336 42
0.0234675184	32 985
0.0234078737	32 145 30
0.0232030961	32 9933
0.0231529909	28 3668
0.0230983601	668 30
0.0230213917	3377 30
0.0228457229	18 3719
0.0228291691	102 25
0.0227377971	32 3705 30
0.0226536264	32 281 30
0.0226453045	171 30
0.0226122859	4067 30
0.0224218600	441 376
0.0223087491	32 451 30
0.0221962531	3614 30
0.0220034449	1192 30
0.0218929876	3060 30
0.0217377971	32 101 30
0.0216341639	2726 30
0.0215742943	18 1703
0.0214445065	223 39
0.0214344323	28 195
0.0213015550	463 81
0.0212999454	205 524
0.0212067134	29 27
0.0211144523	2160 30
0.0209700739	28 543 30
0.0209522705	18 6659
0.0208200478	5707 30
0.0206121015	18 4004 25
0.0204247337	259 30
0.0203792555	42 102 25
0.0203478136	42 109 25
0.0203316570	3726 93
0.0203194083	1417 30
0.0202944304	4883 30
0.0202421327	32 5 30
0.0202189575	1117 18
0.0201165972	1439 86
0.0200472758	57 417 25
0.0199193034	3895 30
0.0198728517	28 2674 30
0.0198359905	28 427 42
0.0197792669	216 39
0.0196741433	43 30
0.0196253087	57 417 42
0.0192764950	2324 275
0.0191717170	32 1620 30
0.0187699501	1102 275
0.0186986950	1286 39
0.0186427723	4104 30
0.0185003472	2250 30
0.0184265294	4704 30
0.0183214978	32 442 30
0.0182449497	18 4294
0.0182290634	32 3797 101 30
0.0182263934	580 30
0.0181172490	782 92
0.0180828049	32 2726 30
0.0180377612	3848 275
0.0178190888	2102 30
0.0176852171	2261 30
0.0176745095	1717 30
0.0176584952	28 2966 30
0.0174993613	2773 25
0.0173872934	152 30
0.0173515423	296 113
0.0173133235	1371 18
0.0173122565	1129 30
0.0172852171	13957 30
0.0172222811	1747 30
0.0170598228	3742 30
0.0170561735	2246 39
0.0169857517	18 3890
0.0169569801	344 18
0.0169323262	32 868 30
0.0168898224	28 669 30
0.0168859040	3771 42
0.0167656596	32 3556 30
0.0167060083	27 1544 27 42
0.0166859996	507 18
0.0166690880	1423 30
0.0166415461	32 668 30
0.0166159421	32 1141 30
0.0166077968	425 42
0.0164705185	28 543
0.0164627941	145 30
0.0164481139	2316 39
0.0164468658	473 42
0.0163955172	3915 30
0.0163122565	588 42
0.0163036351	750 18
0.0162452108	315 30
0.0161079242	336 376
0.0160921034	1979 39
0.0160898224	32 1402 30
0.0160360809	28 102 30
0.0160360809	28 36 30
0.0159552303	922 18
0.0159323262	32 586 30
0.0159062716	917 30
0.0158898224	32 3851 30
0.0158898224	32 1949 30
0.0157670428	36 30
0.0157420891	47 2924
0.0156639942	317 25
0.0156624440	1131 30
0.0154654601	28 2674
0.0154629949	1090 39
0.0154135634	32 12 30
0.0153817423	574 376
0.0153770842	442 30
0.0152485879	32 183
0.0152027476	32 466 30
0.0151714976	32 1131 30
0.0151169929	3275 30
0.0150564891	32 171 30
0.0150360809	32 1129 30
0.0150048309	32 1417 30
0.0150048309	32 3614 30
0.0150048309	32 917 30
0.0149639146	542 39
0.0148898224	32 2102 18
0.0148898224	32 271 30
0.0148694143	32 259 30
0.0147826087	32 1042 30
0.0147785417	585 18
0.0147656596	32 3499 30
0.0147419929	555 30
0.0146463150	3453 30
0.0146407681	3848 376
0.0145871932	581 376
0.0145607140	2966 30
0.0144949907	1710 30
0.0144935176	868 30
0.0144069931	2538 30
0.0143932133	3450 18
0.0142930873	543 30
0.0142671860	18 4004
0.0141164328	625 42
0.0141150369	85 30
0.0140900342	905 18
0.0140730851	2623 42
0.0140564891	32 2869 30
0.0140564891	32 1192 30
0.0138898224	32 3762 30
0.0138190867	581 275
0.0137581219	1721 30
0.0137581219	9933 30
0.0136491404	575 42
0.0135941477	451 30
0.0134383346	18 3512
0.0134069931	1969 42
0.0133289786	512 18
0.0133190867	195 25
0.0130671623	1011 42
0.0130340324	481 42
0.0130338290	5 30
0.0130011775	759 30
0.0129033452	979 42
0.0126204635	3762 30
0.0125268417	1642 42
0.0123668403	606 30
0.0123622617	634 30
0.0122920031	601 18
0.0121290467	466 30
0.0109180629	435 18
