0.9685984063	7885 7886
0.9684365584	4907 6392
0.9680501827	1366 1367
0.9640535406	6341 6342
0.9636189423	4237 4238 4580
0.9634231589	5384 5385
0.9601491466	103 118
0.9597385412	1267 1268
0.9592934886	2116 2117
0.9585141574	4120 5373
0.9581512259	4237 4238 4239
0.9574176148	875 1327
0.9563858120	848 1301
0.9559959126	4043 3704 197
0.9545629181	4553 4261
0.9540938610	4508 5874
0.9540759707	298 299
0.9540559673	2350 6134
0.9532968134	5016 785
0.9530879947	4013 4014
0.9516459199	2229 6101
0.9516273293	5056 5057
0.9511646693	2263 3540
0.9494327828	6818 6820
0.9490008690	4037 2826 340
0.9476975077	5433 952
0.9466269028	811 1187
0.9464050771	3968 3969
0.9462952090	2314 3948
0.9461572867	1310 818
0.9431666795	3163 3928
0.9428666696	582 927
0.9428366553	3376 134
0.9420681876	3274 3874
0.9419570320	10690 20594
0.9412567876	180 319
0.9410683378	3706 4119
0.9398346588	4036 113
0.9395934422	4472 245
0.9367212908	3840 785
0.9365981121	2229 3943
0.9361317405	3025 3781
0.9340838978	4058 14219
0.9309614166	761 5328
0.9292549017	6714 890
0.9290548122	2798 4261
0.9281781760	3783 3965
0.9270408621	3593 3599
0.9269573317	1418 818
0.9269390859	251 1016
0.9267034126	14223 3507 3213 3599
0.9266622436	924 582 927
0.9262678174	3543 3540
0.9261051270	4400 3742
0.9253644231	13401 5391
0.9252087320	2211 2213
0.9247493902	1786 4043
0.9242554995	5016 890
0.9239092947	3025 1182
0.9214123205	1369 6713
0.9211972341	5490 669
0.9208194228	4070 4654
0.9205971733	5648 1107
0.9191403392	340 1814
0.9189688236	5277 14
0.9182075483	5505 5506
0.9176198841	3840 890
0.9173027581	1186 1187
0.9156581145	4508 5874 113
0.9144911544	3515 3599
0.9107155153	1013 4390
0.9096495440	811 259
0.9090666336	1031 4043
0.9076924261	3929 491
0.9073969206	10861 4254
0.9062535103	6724 5983
0.9052510556	1013 4384
0.9024519968	560 564
0.9022520600	2846 816
0.9016191084	4238 4239
0.9009571915	1036 2185
0.9003527273	9126 3970
0.8998699774	689 2751
0.8997634597	897 5523 3502
0.8990733139	4285 5509
0.8977715601	1053 6170
0.8972290769	3243 4959
0.8968317920	1454 1455
0.8954010231	3914 3915
0.8949828093	931 967
0.8939559743	8828 5324 697
0.8925541539	3702 3704
0.8898597455	4058 418 3599
0.8894128533	6211 108 4517
0.8893236706	1034 2238 2826 340
0.8890431685	14232 1006
0.8888506970	4031 4491
0.8887065238	1053 3628 340
0.8885549881	5773 919
0.8878127787	3885 3213
0.8876199729	1053 3628 340 151
0.8853007519	1590 897
0.8852293980	7210 151
0.8845727284	671 340
0.8835589345	59 3530
0.8833120890	7756 3525
0.8824975173	3532 1035
0.8823187535	5532 3848
0.8817780821	2703 909
0.8814755231	1841 656
0.8810694627	3714 3213
0.8804182905	3304 3501
0.8788798846	3025 2826
0.8779209006	6816 4254
0.8766796719	325 3956
0.8756182029	249 1304 101
0.8748063263	144 1725 1036
0.8735665575	5906 7978
0.8729819278	151 7910
0.8727890154	1130 3769
0.8726864516	8828 5324 697 3135
0.8721886761	205 4064 113
0.8702161356	808 1322
0.8699178293	761 5324 697
0.8689227138	3668 3499
0.8667610778	2206 635
0.8665463412	3780 3968 3990 3599
0.8662847564	3400 2674
0.8658998461	4070 3599
0.8651894780	3025 3504
0.8649934956	3790 3742
0.8647774577	1159 3525 5661
0.8638714267	251 820
0.8636016034	9016 656
0.8635074832	3505 17632
0.8613788902	7758 3525
0.8611455858	2275 1805
0.8608719943	4070 6194
0.8605026956	3516 1224
0.8589571859	2403 2405 113
0.8578909921	2319 4677
0.8575957977	2826 1301
0.8573949443	2014 4677
0.8559331092	1013 3653
0.8551173740	867 564
0.8550251699	950 4083
0.8541890247	4191 3840 890 3499
0.8536987263	91 326
0.8514203072	290 3857
0.8511882095	1786 3870
0.8507558812	1786 3920
0.8485165180	7909 113 1441
0.8482907843	1031 4043 807
0.8477903890	3840 3915
0.8467671037	1590 2356
0.8464813179	9153 7083 1805
0.8459741799	3830 3495
0.8456297351	4617 3532
0.8452857249	3809 3810
0.8451900541	4659 3852
0.8449278144	350 1805
0.8446394403	6426 3565
0.8444538529	1034 1075
0.8424256576	6189 6139
0.8414133284	418 3511
0.8414062087	3840 3525
0.8398441338	4052 326
0.8394189127	5490 3499
0.8393330355	867 2218
0.8386720579	1159 708
0.8384846627	4401 1805
0.8378288957	2798 4261 360
0.8371934263	1885 3915
0.8356915317	4867 199
0.8349823675	6832 5728
0.8348074396	3792 286
0.8322835666	3114 708
0.8319959058	3499 360
0.8318407557	5897 59
0.8311216455	3914 3525
0.8309564873	1786 1590 3742
0.8307694662	91 557
0.8305005057	1035 4574
0.8301077771	9153 7083
0.8298311585	5897 12847
0.8285296847	9127 2066 9127
0.8283978737	3840 890 1360
0.8274864298	1786 1590
0.8271153501	59 5861
0.8246220164	734 3622
0.8227120164	5183 3726 93 5185 2239
0.8225181610	2319 2299
0.8222531165	3304 340
0.8217590476	4238 4580
0.8210823332	3800 4491
0.8203439070	1075 4083
0.8197006072	292 2096
0.8189755461	3532 4337
0.8184354337	14223 3507 3213
0.8184138103	144 5324 253
0.8179884513	5017 83
0.8175259666	1370 379
0.8157803745	3938 86
0.8148934339	1035 3587
0.8142782991	3213 3599
0.8137256819	671 2096
0.8134271876	3400 4427
0.8133298741	3840 890 3499
0.8124729937	6525 3715
0.8122189097	4075 747
0.8107829106	344 3753
0.8092341365	205 4064 113 491 86
0.8092279942	9126 2126
0.8082270782	91 6133
0.8077062565	3304 667
0.8057274038	1023 897
0.8055992414	4390 1885 3525 3599
0.8038223735	4031 4137
0.8027818204	867 4621
0.8016466985	1483 1067
0.8012788525	4031 4404
0.7986478822	671 5510 897
0.7984090247	3971 3565
0.7979461585	15105 455 3599
0.7976063357	1086 8367
0.7957337053	3493 360
0.7956128091	4075 669
0.7946075990	3524 3525
0.7944548436	4705 1303
0.7941435786	9343 885
0.7933115492	521 905
0.7917823921	1035 4259
0.7911276091	432 1016
0.7906446869	5340 805 7903
0.7887699849	4070 4067
0.7876819018	3185 1590
0.7875169149	1970 3711
0.7874396513	820 259
0.7858856280	3975 86
0.7858302634	61 575
0.7856179574	356 3762
0.7828082099	491 807
0.7826945030	3798 897
0.7791529360	902 1013 113
0.7791275924	1786 678
0.7790975152	1786 1744
0.7790350715	7352 3758
0.7770181478	2826 340
0.7759063507	3800 4404
0.7745948948	3025 1136
0.7742641171	946 3753
0.7730234332	3506 101
0.7712912453	4782 1590
0.7701934640	3797 3851
0.7685158093	3952 2324
0.7682641094	1590 3213
0.7664683134	697 3135
0.7646083865	503 101
0.7645998249	8828 5324
0.7645325841	2014 4249
0.7642980732	1771 1211
0.7638246227	635 857
0.7629561357	3885 1217
0.7626520811	5324 697
0.7622843531	3800 1786
0.7608961073	3025 1104
0.7605553379	1013 3915
0.7599208072	151 3895
0.7587294482	2826 2096
0.7560282002	1786 3499
0.7554953088	1907 1805
0.7549466930	4254 523 4286
0.7543910465	3587 4826
0.7524856389	3799 3742
0.7504040989	3025 768
0.7483459768	3898 1805
0.7467207170	7659 671
0.7466615374	635 3042
0.7429306273	4207 3742
0.7414305028	4241 669
0.7405752131	1590 3742
0.7367601091	956 251
0.7341913078	139 3156
0.7330075726	3758 3499
0.7324840761	6900 1590
0.7290831512	3666 3742
0.7277852349	6659 671
0.7265381442	3995 47 4002
0.7255651252	3025 7765
0.7233624008	3499 3495
0.7219376416	491 816
0.7210257685	281 487
0.7194123480	2686 3511
0.7187294683	3583 669
0.7187214125	144 36
0.7185238007	1786 4306
0.7183582866	656 831
0.7178476963	144 2326
0.7177181696	139 2313
0.7171761306	82 1640
0.7167524234	1073 3577
0.7160486360	3599 101
0.7160350607	6243 503
0.7145939300	2777 2324
0.7145403643	2465
0.7143127416	7589
0.7140965840	418 3213 3599
0.7139208491	9347
0.7132930577	671 5510
0.7121620430	281 627
0.7114682931	3964 3506
0.7107729848	1163
0.7104103440	290 3587
0.7100370050	2838
0.7090777588	1537
0.7090223790	5324 697 3135
0.7083694005	2320
0.7078001354	9047
0.7077558304	12419
0.7073135381	59 2281
0.7072096706	6135
0.7060163733	7475
0.7036356041	6540
0.7034068891	4846
0.7033401321	7939
0.7032639715	1304
0.7031020930	11258
0.7029691082	15223
0.7029691082	7058
0.7029678581	1712
0.7028812527	1636
0.7028654705	3860
0.7028637465	4154
0.7028341223	3983
0.7023109360	8059
0.7022334129	4668
0.7021207917	12652
0.7018037063	2911
0.7018037063	2256
0.7017833727	10279
0.7014576183	1432 173
0.7012181490	6832
0.7011036683	970
0.7009297377	629
0.7009101222	784
0.7008306938	3684
0.7006207917	162
0.7004121176	7031
0.7001344676	4489
0.7001190215	7770
0.6999888100	2322
0.6999592101	384
0.6998545318	10741
0.6998509028	3797 3705
0.6995826011	12080
0.6995826011	5524
0.6994751917	9539
0.6993887716	2213
0.6992839533	7994
0.6987734845	9259
0.6987734845	8933
0.6987734845	5910
0.6987734845	5069
0.6987734845	4958
0.6987734845	2627
0.6987734845	1645
0.6987734845	840
0.6987007527	3941
0.6986954643	207
0.6985417252	4913
0.6985128238	3583 3697
0.6984305473	6874
0.6984305473	1816
0.6983849595	5071
0.6981389993	10229
0.6981389993	6596
0.6981389993	3049
0.6981389993	1750
0.6981389993	1548
0.6981194064	4877
0.6980502934	1562
0.6979941834	9580
0.6979941834	4811
0.6979941834	3858
0.6979612723	8752
0.6979612723	443
0.6979414162	8890
0.6978974761	4551
0.6978752345	409 13070
0.6977239130	11515
0.6977239130	6621
0.6977239130	1334
0.6975459781	941
0.6973377248	7347 410
0.6971533204	1637
0.6969453368	7804
0.6969453368	7683
0.6969453368	900
0.6968174024	2715
0.6967324959	1487
0.6967061895	4082
0.6965454219	3003
0.6963960950	615 30 501
0.6961820703	1079
0.6960223419	342
0.6956655271	4505
0.6954774991	4963
0.6950399658	3182
0.6949521868	3318
0.6947775806	10326
0.6947716023	2235
0.6947011405	8682
0.6946615904	1814
0.6945483221	6724
0.6944221993	8463
0.6944143480	4072
0.6943914448	955
0.6942911275	656 326
0.6941040601	11297
0.6936654718	1547
0.6936558521	2114
0.6933879512	6089
0.6932608853	3304 1020
0.6932369142	2204
0.6931889538	907
0.6930478527	6587
0.6930366018	8336
0.6930366018	8129
0.6930366018	1363
0.6929507909	3963
0.6928155501	13976
0.6928077381	10724
0.6928077381	1490
0.6927800794	1479
0.6925565965	3898
0.6924709001	946 3697
0.6923302311	4422
0.6921405130	6605
0.6921357103	2484
0.6921357103	1089
0.6920967552	5612
0.6920557536	4553
0.6919281248	2043
0.6919140112	15545
0.6919140112	4151
0.6919140112	3503
0.6918569286	9970
0.6917991324	661
0.6916035980	413
0.6915710876	3837
0.6915117854	6790
0.6915004633	2281
0.6914076799	4785
0.6912032752	5141
0.6912032752	1461
0.6910893920	1941
0.6910692094	5165
0.6909264807	5509
0.6908018076	4561
0.6905659884	2217
0.6904900403	9800
0.6904619035	128
0.6903621091	10995
0.6902101074	967
0.6901369383	5574
0.6901336599	7758
0.6901220082	4630
0.6898827535	5729
0.6896133494	1826
0.6893097780	7929
0.6892987626	2000
0.6892062679	6585
0.6891952949	8236
0.6889679135	3214
0.6889679135	1844
0.6889679135	1323
0.6885848075	8294
0.6885749789	5607
0.6884439371	2150
0.6883720718	12094
0.6882107287	1943
0.6881864433	11056
0.6881864433	1413
0.6881864433	6157
0.6881173421	9437
0.6879922115	2744
0.6879922115	903
0.6879922115	186
0.6879650235	3326
0.6877797866	1403 2686
0.6876680073	1409
0.6873594172	4074
0.6871104942	6109
0.6870300577	1074
0.6869750308	180
0.6868202419	111
0.6867695035	2406
0.6866145135	809
0.6866145135	15558
0.6865317695	4122
0.6865140186	8533
0.6865140186	4643
0.6864929485	557
0.6864637734	1519
0.6862503123	6236
0.6862013143	3792
0.6861874221	1830
0.6860716500	2197
0.6860505453	11446
0.6860278836	5017
0.6859838529	2002
0.6859287782	3507 3213 3599
0.6858413318	7271
0.6858124942	8909
0.6857445347	1007
0.6857407255	4527
0.6853741703	3088
0.6853361397	3774
0.6851602150	7472
0.6850996666	5277
0.6850902480	2567
0.6850069378	8337
0.6849451781	3416
0.6849034424	4262
0.6848694347	3516
0.6848365444	6682
0.6847996009	2522
0.6846746683	5262
0.6846262789	10352
0.6843509564	1755
0.6838231330	1173
0.6838186619	5465
0.6838186619	2859
0.6837976381	5382
0.6837744497	4622
0.6837716753	3457
0.6837158254	5398
0.6836662341	688
0.6836662341	4669
0.6836662341	4610
0.6836181952	11118
0.6835623133	7853
0.6835045173	12486
0.6833964465	4594 4554
0.6830053418	3971
0.6829238290	2916
0.6829109188	6615
0.6829109188	1709
0.6828132385	4045
0.6827313704	9307
0.6826566865	1863
0.6826139454	11008
0.6825881054	3115
0.6825488275	11810
0.6824873300	4241 3499
0.6824522913	976
0.6823480621	3188
0.6822837258	2461
0.6822277888	6462
0.6821615116	473
0.6820334602	3744
0.6820334602	1209
0.6820061489	144 292
0.6819261722	314
0.6816773743	2987
0.6816173627	12580
0.6814103451	10864
0.6814033358	277
0.6813785144	5049
0.6813768003	843
0.6812218143	1640
0.6811377930	6505
0.6809946301	7098
0.6809149357	7349
0.6808416825	12195
0.6808416825	12194
0.6807372031	5013
0.6806965954	6133
0.6806859573	8191
0.6806859573	3379
0.6805705588	5611
0.6804569406	2226
0.6804569406	1724
0.6803573969	1545
0.6802080641	1839
0.6800212435	963
0.6799073441	8276
0.6799073441	6414
0.6797273990	7429
0.6796081203	7104
0.6795929409	2510
0.6795929409	6935
0.6795652537	3373
0.6795598946	5619
0.6795598946	3494
0.6794583474	8013
0.6791547329	862
0.6790411485	3622
0.6789396676	1746
0.6789288364	6305
0.6789190055	2703
0.6787564233	6268
0.6785230900	11557
0.6784999242	4907
0.6784757915	77
0.6783993978	7091
0.6783698277	1589
0.6783119590	2864
0.6782492884	9942
0.6781454334	3331
0.6781007674	11034
0.6779663172	7094
0.6777517782	6592
0.6776428411	2408
0.6776140412	842
0.6775469043	4784
0.6775009553	7319
0.6774369193	2386
0.6771804751	2275
0.6771694883	1491
0.6770557025	2012
0.6770488787	1704
0.6768365821	7978
0.6768365821	6392
0.6768365821	758
0.6764874496	10707
0.6764874496	5892
0.6764874496	4832
0.6764874496	1660
0.6763946458	5453
0.6762769985	4285
0.6762150353	3343
0.6761402351	4863
0.6760229380	3822
0.6760229380	2791
0.6759261856	3194
0.6758048464	7421
0.6757219751	2287
0.6756816745	3461
0.6755241383	4782
0.6754392751	517
0.6754179429	3713
0.6754179429	2519
0.6753594277	3109
0.6752806447	7873
0.6751459753	252 126
0.6749020084	660
0.6748845969	3979
0.6748716779	6016
0.6748633945	1772
0.6748391027	951
0.6748221620	3769
0.6745671867	6338
0.6744630716	42 8286 5370
0.6744577927	2216
0.6743166861	1866
0.6742911713	817
0.6742634890	4519
0.6740095361	5354
0.6739084530	3499 6264
0.6737630614	5768
0.6737410023	5426
0.6736504718	6192
0.6734967189	5123
0.6734632918	7910
0.6731123025	4831
0.6727875508	3032
0.6727668492	36 418
0.6724416575	1036
0.6724402449	5046
0.6724402449	4130
0.6724402449	3136
0.6724399809	1948
0.6722741906	7599
0.6721848758	1328
0.6721657654	3952
0.6721164263	8821
0.6720584008	5404
0.6720048243	3453
0.6719946587	6189
0.6719946587	5328
0.6719946587	3555
0.6718660786	757
0.6717514215	3183
0.6717367354	4865
0.6716625999	3185
0.6715730070	6993
0.6714142106	13401
0.6713758678	7352
0.6713758678	1506
0.6712756347	1417
0.6712261092	8798
0.6712261092	2899
0.6712209154	4408
0.6712127645	2089
0.6710509150	3493
0.6710405937	4401
0.6709942193	185
0.6705725802	1354
0.6704691167	4066
0.6703508789	1411
0.6703409550	4218
0.6702209378	61 345
0.6700584829	5099 999
0.6699741628	3628
0.6697944575	1743
0.6696984962	1597
0.6696859585	2649
0.6696435049	2994
0.6692130336	5117
0.6689682391	4405
0.6689682391	3164
0.6689682391	3017
0.6687544187	2331
0.6687544187	648
0.6686933809	3845
0.6685520794	10120
0.6681377139	5214
0.6681179601	1892
0.6681093519	6367 897
0.6680382636	9009
0.6679395789	7756
0.6678541507	10641
0.6678541507	2659
0.6678541507	1738
0.6678541507	100
0.6678297244	2504
0.6675338452	5698
0.6675338452	3850
0.6674999229	891
0.6672970339	953
0.6672215752	298
0.6670035185	4400
0.6669562926	1097
0.6666124274	549
0.6664245825	5662
0.6663745941	5391
0.6663732302	4805
0.6663045063	8565
0.6662884669	5056
0.6662746125	1643
0.6662732302	1542
0.6662677728	4925
0.6661466652	4320
0.6661249643	229
0.6661229421	4883
0.6659557845	1327
0.6659384606	3745 897
0.6656494562	644
0.6656366490	3653
0.6656017291	3606
0.6655688266	5230
0.6655549085	325
0.6654306879	5189
0.6652365306	14
0.6651258934	5727
0.6650463195	7139
0.6650463195	6083
0.6648313631	3583 3753
0.6648170137	884
0.6647906076	149 577 775
0.6647401982	761
0.6647238079	2598
0.6646903073	14219
0.6646486523	1695
0.6643640212	3189
0.6643398368	3723
0.6641678804	7909
0.6641257168	2407
0.6640384362	2798
0.6639760351	3274 3874 3213
0.6639555824	3649
0.6638619900	1955
0.6638619900	318
0.6638432908	3985 2625
0.6637452897	1064
0.6637180685	2853
0.6636133042	2757
0.6635649160	34 487
0.6635600463	839
0.6635054821	2693
0.6631974534	1902
0.6626232790	7432
0.6623239575	1367
0.6622693177	3920
0.6619545467	3706
0.6617350311	7210
0.6617329154	4390
0.6616754509	590
0.6615885785	4429
0.6615607079	1071 807
0.6615258861	5773
0.6615186663	4195
0.6613059224	1113
0.6612828802	12847
0.6612622509	6144
0.6611463090	2804
0.6610512885	2313
0.6608114575	1314
0.6608013614	6520
0.6607153801	3129
0.6606719368	5248
0.6606141943	1153
0.6604564828	4286
0.6600889794	6038
0.6600889794	3384
0.6600769449	7885
0.6599332977	764
0.6598206626	2195
0.6597186850	1554
0.6594702617	1353
0.6594321423	6302
0.6591423868	1129
0.6591222805	4517
0.6590818022	4096
0.6589254654	52
0.6589254654	3834
0.6589254654	1255
0.6586753936	368
0.6586494135	5370
0.6586178574	144 606
0.6585492055	5897
0.6583407620	3857
0.6583134460	3647
0.6583030557	1500
0.6583013546	49
0.6580783203	1174
0.6580702700	4335
0.6580702700	5467
0.6580402066	3107
0.6580023604	4384
0.6579501720	3688
0.6579104087	5183 3726 93
0.6576833530	8
0.6576313874	3593
0.6574769013	9642
0.6574242305	1013 4320
0.6574148689	3565 669
0.6571980956	4704
0.6571901266	956
0.6571606979	2985
0.6570599818	4950
0.6569556036	431
0.6568572765	6264
0.6568444920	144 2326 1590
0.6568000508	1014
0.6567705587	2886
0.6566935415	2846
0.6565749085	3596
0.6564858504	1237
0.6564160166	6367
0.6564039311	902 296 113
0.6563952623	3250
0.6563831645	299
0.6563739758	3938
0.6563638520	7573
0.6563638520	1989
0.6563638520	6689
0.6562790010	2739
0.6562470014	6674
0.6562248060	6113
0.6562086234	8828
0.6561613424	759
0.6559605653	2460
0.6557131544	4425
0.6554415231	4621
0.6554119061	2898
0.6553759690	5689
0.6553123651	1008
0.6551852016	7851
0.6551610733	6344
0.6551274938	3015
0.6549900006	1593
0.6549396879	1496
0.6548903650	960
0.6548798280	46 88
0.6546837845	10690
0.6545802242	3726
0.6543329904	1345
0.6543316685	2099
0.6541329959	9896
0.6540870428	4041
0.6539688608	3813
0.6539389828	145
0.6539028670	61 1011
0.6538553457	4036
0.6538414475	8860
0.6538081544	619
0.6536810430	808
0.6536757955	653
0.6536301697	438
0.6536118502	1702
0.6536057561	2786
0.6535106648	4826
0.6534880980	3469
0.6531753122	1879
0.6531168935	5798
0.6526213624	4149
0.6525904038	307
0.6525692093	8904
0.6525529167	8341
0.6520333274	7171
0.6520107941	4436
0.6519674056	3556
0.6519193265	3830
0.6517779733	2211
0.6517643924	5099
0.6517299063	751
0.6516589012	1112
0.6514541533	6014
0.6513227939	1786 1590 101
0.6511528160	7436
0.6511528160	6050
0.6508725548	3524
0.6504960510	5983
0.6504651901	1855
0.6502283616	6343
0.6498668424	2124
0.6495711397	1324
0.6494933603	1131
0.6494478035	245
0.6494228429	11197
0.6494107438	3502
0.6493867198	9016
0.6493519805	2754
0.6492778846	3964
0.6492379476	1432
0.6490964650	9153
0.6490706026	3729 3213
0.6490137592	587
0.6487611042	1880
0.6486029439	1418
0.6485371606	2573
0.6485098215	1326
0.6482865092	6440
0.6480054693	3969
0.6478896247	356
0.6477206406	1275
0.6476746788	2239
0.6476589831	3213 3213 2773
0.6475784728	5316
0.6474911519	3515
0.6473767743	4472
0.6473718377	5385
0.6473175380	4705 1303 340
0.6471702780	5510 340
0.6471327735	5815
0.6470414315	9894
0.6470327735	13584
0.6470327735	9249
0.6469046261	8968
0.6468676780	2632
0.6467910648	1454
0.6465884913	1107
0.6465058026	6743
0.6465014193	4029
0.6463929547	290
0.6463541284	13070
0.6462397478	3570
0.6460731179	1117
0.6460380912	3948
0.6459782570	3274
0.6459247469	367
0.6459186724	734
0.6458008287	6504
0.6457784660	6295
0.6456300279	3505
0.6455477709	1907
0.6454361493	1186
0.6454287082	3975
0.6453442345	2624
0.6453281511	1366
0.6452443864	4574
0.6450826109	2648
0.6450472854	3585
0.6450049410	1853
0.6448855443	4822
0.6448809503	2068
0.6447509127	3291
0.6446429208	582
0.6445362844	3659
0.6444760151	14223
0.6444674907	4306
0.6444559214	1032
0.6443181838	1621
0.6440532164	3745
0.6437840167	5534
0.6436868451	3543
0.6436491202	3970
0.6435669091	1319
0.6434923489	2093
0.6434865607	5401
0.6433405217	3114
0.6433127510	5419
0.6428448239	4207
0.6428363628	917
0.6428063137	7385
0.6427565925	14232
0.6427565925	9233
0.6427565925	2116
0.6427454509	3892
0.6426344483	3797 101
0.6426271940	1710
0.6425101513	1725
0.6422066497	149
0.6421733318	1480
0.6421688335	3655
0.6421110841	5850
0.6417503303	4503
0.6416911450	5324
0.6415601013	2546
0.6412920747	1187
0.6411913817	5572
0.6410518023	718
0.6410505835	2155
0.6409115175	3896
0.6408382045	1170
0.6408045932	3160
0.6408020470	5021
0.6408020470	6134
0.6408020470	5020
0.6407148443	5506
0.6406032052	671 3798 897
0.6405958265	3163
0.6405660995	543
0.6405397006	3651 1590 3213
0.6402890460	952
0.6402839264	8554
0.6402710401	4677 1786
0.6401114385	3666
0.6395635028	1835
0.6395104669	5673
0.6391473278	799 801
0.6391226256	1922
0.6390528804	7272
0.6390457051	848
0.6387418406	3505 4011
0.6385323235	1884
0.6385126859	4721
0.6384988812	1256
0.6383922447	1034
0.6383210554	179 3965
0.6382035482	6947
0.6381142937	3505 4011 296
0.6380894942	1137
0.6380011756	2530
0.6377558491	1310
0.6376741841	4921
0.6375869393	6243
0.6374921171	4076
0.6374706946	3609
0.6374376596	2097
0.6373546162	857
0.6370860600	4659
0.6368592889	197
0.6368377601	4703
0.6368174063	238
0.6367945117	3243
0.6367225758	3783
0.6365805152	4161
0.6365481443	134
0.6364990311	3809
0.6364342582	2538
0.6363183832	1708
0.6362479133	3692
0.6362434346	2299
0.6360220734	10787
0.6359813884	816
0.6359721747	1083
0.6358342140	1370
0.6356315412	2206
0.6356089235	3156
0.6355706946	7611
0.6354106956	2350
0.6352826017	5731
0.6351443217	5861
0.6351424779	3195
0.6351223010	935 725
0.6350850026	3246
0.6349929694	4970
0.6348753651	507
0.6348246348	1071
0.6344369062	4554
0.6342312252	2717
0.6341527022	7647
0.6340735421	564
0.6339961251	2503
0.6338574745	555
0.6338457159	2017
0.6337945174	1703
0.6336595044	4929
0.6335638711	1130
0.6335006441	230
0.6334477862	9933
0.6332126350	5107
0.6332050699	725
0.6331049163	3441
0.6330382009	6528
0.6330017119	2261
0.6330017119	1423
0.6330017119	4104
0.6328703888	580
0.6328599087	1862
0.6327261437	3780
0.6325348608	1730
0.6324132181	867
0.6323340636	13957
0.6323056714	3810
0.6322502467	1591
0.6320957020	176
0.6320037443	10352 113
0.6317415450	2966
0.6315558532	4404
0.6314017768	2555
0.6312163315	5532
0.6312163315	3674
0.6312163315	3530
0.6312163315	961
0.6311020719	1090
0.6310647063	818
0.6310438333	429
0.6310241411	2427
0.6307447966	2748
0.6304577633	4144
0.6304320062	6820
0.6303731736	2421
0.6301601417	3928
0.6298301336	5969
0.6298195148	5644
0.6297839857	1006 451
0.6297746040	1483
0.6295466521	1694
0.6291842028	161
0.6291416987	1093
0.6289383817	2257
0.6288296159	1061
0.6286991050	676
0.6286497886	782 92 1839
0.6285704040	1749
0.6283955894	2319
0.6282634031	4508
0.6281725279	3
0.6281668298	3903
0.6280991746	4137
0.6279574441	123 126
0.6278379413	1277
0.6277179558	7886
0.6277179558	5433
0.6276559510	3800
0.6275732913	375
0.6275496752	4542
0.6275309511	2751
0.6273719706	4058
0.6273205894	5707
0.6272814940	6831
0.6271382439	6646
0.6271382439	4163
0.6270720620	5643
0.6270720620	1873
0.6270720620	3171
0.6268150542	3040
0.6267876426	1492
0.6267550718	731
0.6267546790	12044
0.6267135809	6101
0.6266495709	2451
0.6263526223	15068
0.6263526223	4739
0.6263498445	9755
0.6262155636	7243
0.6262155636	4759
0.6262155636	2963
0.6262155636	2495
0.6262155636	6342
0.6262143455	7322
0.6261100118	811
0.6260831195	3843
0.6258817212	7083
0.6258367043	2185
0.6257464310	3623
0.6255254907	83
0.6254722352	886
0.6254037599	5364
0.6252981756	1072
0.6252828141	4337
0.6252192939	1267
0.6251418262	3275
0.6248745780	4323
0.6246532479	3764
0.6245417799	950
0.6242874596	5906
0.6242182906	85
0.6241849819	3084
0.6241807925	4238
0.6237189507	2251
0.6236083419	9127
0.6236035259	3802
0.6235797172	6139
0.6235517635	1933
0.6234701926	6526
0.6234187974	4314
0.6233359825	1291
0.6230625011	23
0.6229918909	1403 2686 3587
0.6229462263	6900
0.6228837373	1944
0.6227728800	3740
0.6227560021	1969
0.6227113900	412
0.6226805685	6220
0.6226087826	3885
0.6224679334	922
0.6224549896	577
0.6223944538	17597
0.6223944538	4872
0.6223452076	902
0.6223042451	768
0.6222750104	3592
0.6221444133	17585
0.6221444133	14147
0.6221323323	61 683
0.6220232656	795
0.6220183153	3652
0.6220126545	3829
0.6219845145	3534
0.6217795008	1914
0.6217557686	7102
0.6217358997	4083
0.6217068049	5
0.6215912857	3778
0.6213330356	1786 1590 3213
0.6211874197	873
0.6211874197	4983
0.6211777646	1771
0.6211570152	1192
0.6211247368	4705
0.6211133705	2818
0.6210873660	3714
0.6210830784	3548
0.6210456740	1141
0.6209083393	2982
0.6208729542	1067
0.6207812268	794
0.6206630977	4119
0.6205955838	115
0.6203973773	7740
0.6203854627	15859
0.6202736558	205 3655
0.6200762484	3799
0.6197774341	4120
0.6197107263	109
0.6196179973	7903
0.6195590049	7073
0.6195497295	6211
0.6193755209	732
0.6193371740	1322
0.6193006859	4317
0.6193006859	1952
0.6192862604	12740
0.6191226722	2919
0.6189548264	3174
0.6189044160	292
0.6188799021	4617
0.6188054375	7211
0.6187705363	10922
0.6187049896	3945
0.6186841000	17359
0.6186442589	3781
0.6185178479	5052
0.6185178479	1679
0.6184781413	2159
0.6184627485	6232
0.6183831607	2263
0.6183831607	643
0.6181721876	6426
0.6181245278	8943
0.6181188350	3504
0.6180465687	2314
0.6179758434	3791
0.6179625280	1159
0.6179047036	5203
0.6178334735	3217
0.6178161007	909
0.6178161007	350
0.6177846640	3679
0.6177529051	3842 360
0.6176891172	10811
0.6176872346	13913
0.6176623938	7053
0.6176476107	4689
0.6175951841	380
0.6175618218	10861
0.6175618218	9627
0.6175134894	14866
0.6174870035	15483
0.6174870035	8113
0.6174330566	6116
0.6174299027	4294
0.6173982750	8328
0.6173120705	1391
0.6173051557	1841
0.6173032691	163
0.6172998444	213 5768
0.6172978666	3573
0.6171673357	4945
0.6170607401	4316
0.6169684731	280
0.6169351981	3961
0.6168831607	1717
0.6167885457	3798
0.6167010174	6137
0.6167010174	303
0.6166840613	5505
0.6165622539	697
0.6164385633	1987
0.6163694162	1134
0.6163622224	7659
0.6162745999	18363
0.6161499555	6170
0.6160224017	1815
0.6159579610	4993
0.6157725447	6525
0.6157537453	2393
0.6156465093	9343
0.6156462371	6702
0.6156025574	442
0.6155559246	3614
0.6153913501	15105
0.6151844836	596
0.6150272118	1721
0.6149351981	1959
0.6148900857	10980
0.6148707550	4748
0.6148517612	2695
0.6148160869	5061
0.6147653933	3899
0.6147094335	62
0.6145982538	1620
0.6145256008	6922
0.6144665475	3719
0.6143920998	3890
0.6143168273	860
0.6142246639	1013 3525
0.6141761888	4237
0.6141314505	433
0.6138167474	5642
0.6138017433	4191
0.6137164940	171
0.6136660910	4254 4013 4014
0.6135323316	4977
0.6134848691	1747
0.6134028287	7723
0.6133846180	7942
0.6133088542	584
0.6132551185	3844
0.6132261455	5648
0.6131192056	6325
0.6131192056	551
0.6131141148	1722
0.6131096183	12773
0.6130643829	379
0.6130581188	1303
0.6130533513	10054
0.6129371740	3943
0.6129093095	5473
0.6128474417	14613
0.6128405906	3925
0.6128383502	13126
0.6128066669	2726
0.6126674949	10774
0.6126674949	7859
0.6126674949	4663
0.6126674949	3846
0.6126126981	3875
0.6125651659	9916
0.6125617052	7765
0.6125104524	1278
0.6123572028	1885 3525
0.6123515973	1949
0.6121623926	10868
0.6120538825	1211
0.6119524617	931
0.6118656129	1031
0.6117906727	7447
0.6117114183	1104
0.6116814613	807
0.6116663940	927
0.6116292735	4867
0.6116144581	2078
0.6115950621	1657 3213
0.6115923886	3965
0.6115678462	6070
0.6114633502	9358
0.6112136558	14630
0.6111806577	3842
0.6111528306	1065
0.6110981424	1555
0.6109259851	199 3583
0.6108429319	7864
0.6108150546	4304
0.6108006291	1136
0.6107983867	481
0.6107043653	6303
0.6102280262	6676
0.6101773425	9126
0.6101266705	3707
0.6099824290	223
0.6099412238	2906
0.6098963679	1574
0.6098917582	4249
0.6098092511	3702
0.6097390864	328
0.6096885832	1449
0.6096629688	868
0.6095610421	7278
0.6095553417	17614
0.6095553417	1581
0.6095042917	2559
0.6093910622	1190
0.6092930728	7451
0.6092874621	2375
0.6091752086	10680
0.6091305851	2718
0.6090950795	4002
0.6090286957	3042
0.6090187545	4873
0.6090187545	1633
0.6089182190	15301
0.6087999889	5510
0.6087599080	234
0.6087532483	1744
0.6085330517	14082
0.6084271528	5533
0.6084271528	4650
0.6084165693	102
0.6084015565	14631
0.6084015565	4061
0.6083583203	1888
0.6083103425	5539
0.6082657205	5043
0.6082636689	569
0.6082636689	9019
0.6082206348	7954
0.6082157949	1175
0.6081802239	4414
0.6081616018	16676
0.6080910447	18788
0.6079691411	5896
0.6079111398	31
0.6078750893	2107
0.6078173017	3790
0.6078169840	3762
0.6076756917	7
0.6076756917	6191
0.6076756917	5500
0.6076756917	746
0.6076159616	4184
0.6075474113	8340
0.6075038141	14484
0.6074787088	6271
0.6074241942	1617
0.6073822075	6067
0.6073014361	6225
0.6072529233	15302
0.6072317030	218
0.6072242153	924
0.6072061304	3800 3762
0.6071702944	1371
0.6071533412	14068
0.6071424583	3511
0.6070670974	118
0.6070368278	449
0.6069353041	18825
0.6069124267	14420
0.6068911758	4670
0.6068911758	3847
0.6068726081	844
0.6068726081	4841
0.6068658294	11544
0.6068585884	6609
0.6067854416	5495
0.6067715201	3870
0.6067375082	491
0.6067291855	521 749
0.6066026310	14612
0.6064263570	7341
0.6064111639	20630
0.6062583139	281
0.6061040246	5901
0.6060212781	5537
0.6059768104	4537
0.6059505047	2166
0.6059059945	226
0.6058553607	772
0.6056180403	6764
0.6055931219	344
0.6054765927	16139
0.6054765927	15143
0.6054444222	7656
0.6054287802	402
0.6054060865	3852
0.6053658451	498
0.6053052760	3956
0.6052537510	872
0.6052107662	13856
0.6052107662	1760
0.6051088407	8516
0.6051088407	1481
0.6050086368	9333
0.6050038947	4081
0.6050020122	6940
0.6049563530	560
0.6049385827	11568
0.6048222624	820
0.6048054234	7775
0.6048007406	432
0.6047495153	1250
0.6047221824	1092
0.6046181829	11276
0.6046181829	7329
0.6046181829	2699
0.6045976349	894
0.6045724088	6816
0.6045128948	667
0.6044884734	3540
0.6044522392	6690
0.6043893159	3824
0.6043601771	6659
0.6042646161	2623
0.6041641250	3532
0.6041463182	11526
0.6041363986	9427
0.6041074076	1736
0.6040828808	4201
0.6040534931	5597
0.6039943379	5523
0.6039538640	232
0.6039338967	20590
0.6039338967	3909
0.6038853433	3670
0.6038378950	13032
0.6038378950	5684
0.6038173017	4523
0.6038081995	6212
0.6037849362	5841
0.6037495164	6738
0.6035303247	5728
0.6034981002	1993
0.6034715617	4651
0.6034431444	3306
0.6034236524	17752
0.6033854807	855 902
0.6032481073	3668
0.6032458145	875
0.6032449197	2732
0.6031918514	9914
0.6031807440	5411
0.6031092716	1786
0.6030209992	2044
0.6030209992	7452
0.6029812314	2218
0.6029328518	1726
0.6028553016	492
0.6028193171	4496
0.6027710462	2944
0.6027709152	1284
0.6027002872	1437
0.6025912850	326 831
0.6025075864	1121
0.6024357643	319
0.6024230417	1369
0.6024160350	6794
0.6023987277	103
0.6023526035	2439
0.6022879117	343
0.6022655117	5646
0.6021217321	2098 776
0.6020457526	3565
0.6019744659	7002
0.6018389472	391
0.6017768438	3977
0.6017357878	8745
0.6017054866	2988
0.6016951896	364
0.6016951896	11404
0.6016457352	6761
0.6016242523	14067
0.6015972989	274
0.6015888847	1289
0.6015553952	4322
0.6013987277	5104
0.6013718940	8940
0.6013193171	3563
0.6012216249	4204
0.6012181929	2229
0.6011990755	5302
0.6011896723	4359
0.6009618095	6469
0.6009103970	2869
0.6008614935	2880
0.6007748539	3884
0.6007748539	16908
0.6007748539	13851
0.6007748539	7858
0.6007748539	4301
0.6007748539	3000
0.6007748539	2076
0.6007748539	1946
0.6007748539	1375
0.6007320610	5016
0.6007302954	10880
0.6005953965	4089
0.6005406032	3377
0.6003860872	13588
0.6003860872	7614
0.6003860872	68
0.6003122026	9584
0.6002058877	4631
0.6002058877	994
0.6001233759	2792
0.6001015217	15371
0.6000837191	249
0.6000779584	1013 3774
0.6000529135	3770
0.5999839866	4762
0.5999636748	2708
0.5999506062	5944
0.5999158798	18772
0.5999152528	5879
0.5999074901	2207
0.5998440124	2246
0.5997899390	2066
0.5996355161	855
0.5995877394	625
0.5994701783	4052
0.5994439610	7437
0.5993224218	3696
0.5993184503	3501
0.5992632847	2625
0.5992413289	3235
0.5992299928	14227
0.5991924577	11463
0.5991007191	9541
0.5990611834	2025
0.5989385701	5482
0.5987746304	6750
0.5985758753	2273
0.5985095699	2696
0.5984667904	5981
0.5984190698	4615
0.5983734747	248
0.5983393574	13040
0.5982211736	5888
0.5981920983	1150
0.5981090192	1918
0.5981090192	1422
0.5981090192	7809
0.5981090192	3408
0.5980254883	440
0.5979592962	426
0.5978836207	3715
0.5978776386	6340
0.5978626963	7751
0.5978515861	273
0.5978230798	1455
0.5977662235	6387
0.5977363944	7441
0.5977127225	4037
0.5975314629	4067
0.5974681395	4086
0.5974290099	6552
0.5972821940	4030
0.5972167992	4491
0.5971615745	4428
0.5971256501	946
0.5970891392	4135
0.5970375172	7700
0.5970375172	5178
0.5970375172	8116
0.5970375172	3430
0.5970375172	1571
0.5970375172	374
0.5969686184	18773
0.5969235819	4064
0.5969235044	3992
0.5968193800	4707
0.5968142033	16209
0.5968026736	1040
0.5967900890	552
0.5967794879	2160
0.5967599154	14513
0.5967186324	46
0.5966203557	1283
0.5965842325	4538
0.5965786215	2316
0.5965523103	4028
0.5964974088	3734
0.5964974088	3087
0.5964974088	7760
0.5964974088	2288
0.5964707229	4343
0.5964296786	1408
0.5963946456	4594
0.5963090878	1298
0.5961838327	2242
0.5959952297	14736
0.5959952297	12214
0.5959952297	10708
0.5959952297	6485
0.5959952297	5064
0.5959952297	2759
0.5959952297	2725
0.5959952297	6644
0.5959952297	3759
0.5959816818	8929
0.5959790101	3234
0.5959051838	4113
0.5959022299	1011
0.5958168855	10793
0.5956330977	6411
0.5955189926	1840
0.5954559532	9639
0.5953766378	5581
0.5953136499	1578
0.5952552613	3268
0.5952500278	2952
0.5952471224	5584
0.5952204900	5418
0.5950331231	1053
0.5948955058	3060
0.5948046205	144
0.5947833290	3739
0.5947644821	1719
0.5946563700	3233
0.5946563700	295
0.5946245268	973
0.5945044972	8475
0.5945006218	1927
0.5944800716	647
0.5944238336	5373
0.5944238336	5057
0.5943985529	6194
0.5943505249	3712
0.5942733735	3914
0.5942549289	3616
0.5942452557	932
0.5942254994	2534
0.5941870942	451
0.5941288048	3030
0.5940830184	15922
0.5940728193	5237
0.5940556639	1804
0.5940327621	8377
0.5940327621	5742
0.5938976205	12
0.5938936508	9944
0.5938936508	3605
0.5938936508	2658
0.5938936508	1867
0.5938936508	1351
0.5938936508	11470
0.5938936508	8411
0.5938936508	837
0.5938936508	220
0.5938257005	1010
0.5938229667	4916
0.5938229667	1832
0.5938229667	802
0.5937878418	2014
0.5937845614	88
0.5937624167	2505
0.5936513149	4004
0.5936374628	678
0.5935853311	7390
0.5935148831	503
0.5931698414	2326
0.5931515291	1017
0.5931030677	4053
0.5930719578	7446
0.5930719578	9010
0.5930703174	1325
0.5930558466	9785
0.5930148017	7927
0.5929051838	3793
0.5928940013	1551
0.5928904214	3447
0.5928618178	4507
0.5928417992	1402
0.5928122624	2
0.5927268654	91
0.5927260711	5661
0.5925956729	2176
0.5925329803	3908
0.5924517155	5520
0.5923894050	1829
0.5923635844	7493
0.5921958154	2773
0.5921596351	15326
0.5920097419	2338
0.5920092087	6013
0.5919374214	6891
0.5918336954	445
0.5917722453	4487
0.5917506287	396
0.5917266468	2572
0.5917266468	1394
0.5917266468	4802
0.5917266468	2889
0.5916968046	253
0.5916366140	3450
0.5915950258	11663
0.5915627556	1268
0.5914806639	3526
0.5914256935	312
0.5912871834	6667
0.5912710111	9097
0.5912097363	1979
0.5911803999	761 5324
0.5909616130	1735
0.5909332888	8984
0.5909151908	4959
0.5908539005	2865
0.5907969760	1301
0.5907930651	4010
0.5907450070	635
0.5905055986	4241
0.5904424785	4482
0.5903723198	5511
0.5903610630	4140
0.5901982843	10078
0.5901982843	10764
0.5901982843	6206
0.5901982843	5813
0.5901982843	5161
0.5901982843	1741
0.5901982843	1318
0.5901982843	1238
0.5901982843	918
0.5901180771	2518
0.5900216729	4638
0.5899946408	3966
0.5898641989	4654
0.5897892193	427
0.5897180034	892
0.5896951730	588
0.5896386239	17632
0.5895892193	466
0.5895455690	17
0.5895401908	310
0.5892436619	3213 4654
0.5892187711	18205
0.5891534847	316
0.5889073003	8778
0.5889073003	1673
0.5888656509	1628
0.5887940381	3758
0.5887331098	4261
0.5885342227	2777
0.5884884262	708
0.5882099371	4259
0.5882010804	544
0.5881756838	5510 2356
0.5881737620	689
0.5881394654	5887
0.5879874522	545
0.5878037891	173
0.5877070856	82
0.5876054300	14024
0.5876054300	8956
0.5876054300	8855
0.5876054300	6366
0.5876054300	6219
0.5876054300	5372
0.5876054300	3016
0.5876054300	1535
0.5876054300	1427
0.5876054300	1400
0.5876054300	706
0.5876054300	489
0.5876054300	166
0.5874631877	1020
0.5874021617	2989
0.5872213255	7277
0.5871444817	3866
0.5869879759	21
0.5868595213	4697
0.5867945244	15102
0.5865956763	4075
0.5863493569	2360
0.5862521044	411
0.5861790893	340
0.5861223995	3889
0.5860516953	3495
0.5858981754	3814
0.5858981754	1305
0.5858981754	1233
0.5858981754	1206
0.5858981754	41
0.5857456432	4035
0.5857317736	14952
0.5857317736	14487
0.5857317736	14036
0.5857317736	12186
0.5857317736	9091
0.5857317736	8576
0.5857317736	7170
0.5857317736	5878
0.5857317736	5438
0.5857317736	5137
0.5857317736	4724
0.5857317736	4276
0.5857317736	4263
0.5857317736	3993
0.5857317736	3240
0.5857317736	1806
0.5857317736	1313
0.5857317736	984
0.5857317736	624
0.5857317736	122
0.5857317736	8042
0.5857317736	6992
0.5857120017	4011
0.5856363351	5894
0.5855958809	2674
0.5854510596	845
0.5854252872	2415 12486
0.5854011011	3915
0.5852037832	3704
0.5851989838	2605
0.5851989838	1923
0.5851989838	4944
0.5851989838	3321
0.5851989838	2811
0.5851989838	1701
0.5850001342	518
0.5848837192	3982
0.5848514556	6554
0.5847920412	7348
0.5847920412	2372
0.5847185205	656
0.5842118216	1501
0.5842055281	410
0.5841897299	1657
0.5841662213	3874
0.5841322847	395
0.5840645212	7178
0.5839374306	1464
0.5839039991	1042
0.5838150734	6309
0.5834495616	205
0.5834236760	251
0.5832564939	6817
0.5832564939	4375
0.5832486593	3150
0.5832361209	811 90
0.5831178305	1016
0.5829820778	4751
0.5828405115	6713
0.5826317782	4468
0.5825583643	4788
0.5825583643	2067
0.5825157082	3960
0.5824931549	5459
0.5823630267	627
0.5822938432	34
0.5821851932	14626
0.5821418809	3788
0.5820709926	18361
0.5820289882	2681
0.5820156384	11335
0.5820156384	9504
0.5820156384	7085
0.5820156384	6468
0.5820156384	4229
0.5820156384	2215
0.5819601588	4014
0.5818089977	19354
0.5817910814	315
0.5816942499	5982
0.5815590811	1182
0.5814089639	6098
0.5812507325	37
0.5809574406	2646
0.5809434644	2446
0.5809352632	2600
0.5808357254	12592
0.5808357254	7222
0.5805297997	501
0.5802127279	4974
0.5801820455	3949
0.5800955097	345
0.5798993419	2614
0.5798419399	3661
0.5796268552	17683
0.5795659322	15162
0.5795659322	5682
0.5795659322	3955
0.5795659322	3319
0.5794918535	7131
0.5792647008	4070
0.5792422972	3736
0.5792422972	3550
0.5791933618	3937
0.5791933618	10640
0.5791933618	3989
0.5791933618	701
0.5791825639	1023
0.5791563015	4528
0.5791543175	1336
0.5790853993	4254
0.5789494433	4258
0.5789494433	650
0.5788867836	15477
0.5788867836	6355
0.5788867836	5579
0.5788867836	4040
0.5788867836	3312
0.5788867836	3231
0.5788867836	2524
0.5788867836	64
0.5786859575	10213
0.5785772110	195
0.5785514054	3851
0.5785221197	6254
0.5784114840	3680
0.5783750846	1038
0.5783190801	4920
0.5782397142	1172
0.5781155818	2795
0.5780799269	183
0.5780480434	7473
0.5780480434	4483
0.5780480434	3665
0.5780480434	2418
0.5780480434	2392
0.5779956728	3512
0.5779013726	1332
0.5779013726	10544
0.5779013726	8333
0.5779013726	6047
0.5779013726	2523
0.5779013726	2198
0.5779013726	1088
0.5778843745	19687
0.5778843745	10583
0.5778843745	9151
0.5778843745	8994
0.5778843745	8482
0.5778843745	7983
0.5778843745	7540
0.5778843745	7335
0.5778843745	1797
0.5778843745	957
0.5778843745	73
0.5777797888	635 1501
0.5777513137	4765
0.5771149906	981
0.5770609089	1510
0.5770443218	4696
0.5770269134	4060
0.5769422811	9594
0.5769229888	4891
0.5768616467	5596
0.5768616467	5349
0.5768441335	4166
0.5768037976	3728
0.5767955783	152
0.5767724389	2252
0.5765222240	8768
0.5765222240	5503
0.5765222240	2459
0.5765222240	1009
0.5765222240	949
0.5765222240	714
0.5765222240	15761
0.5765222240	10323
0.5765222240	8995
0.5765222240	7846
0.5765222240	6779
0.5765222240	5968
0.5765222240	5010
0.5765222240	4886
0.5765222240	4700
0.5765222240	4303
0.5765222240	3625
0.5765222240	1699
0.5765222240	221
0.5765222240	204
0.5764532170	4511
0.5764532170	2616
0.5764532170	1624
0.5764513111	3857 3135
0.5764346083	20604
0.5764346083	10931
0.5764346083	9389
0.5764346083	9114
0.5764346083	6579
0.5764346083	6551
0.5764346083	5078
0.5764346083	4956
0.5764346083	1362
0.5764325027	3152
0.5760657674	13272
0.5760657674	9323
0.5760127166	4838
0.5758543781	521
0.5757653577	3095
0.5757479894	6235
0.5757051455	8346
0.5755716458	905
0.5755052259	11168
0.5755052259	11090
0.5755052259	8408
0.5755052259	4558
0.5755052259	3190
0.5755052259	15012
0.5755052259	13521
0.5755052259	11968
0.5755052259	9855
0.5755052259	9349
0.5755052259	8838
0.5755052259	8787
0.5755052259	8692
0.5755052259	8674
0.5755052259	8062
0.5755052259	7476
0.5755052259	7442
0.5755052259	7014
0.5755052259	6912
0.5755052259	6678
0.5755052259	6565
0.5755052259	6322
0.5755052259	6261
0.5755052259	5911
0.5755052259	5848
0.5755052259	5845
0.5755052259	5501
0.5755052259	5405
0.5755052259	5264
0.5755052259	5256
0.5755052259	5145
0.5755052259	4825
0.5755052259	4501
0.5755052259	3913
0.5755052259	3467
0.5755052259	3283
0.5755052259	2349
0.5755052259	1568
0.5755052259	1140
0.5755052259	971
0.5755052259	96
0.5754773385	487
0.5753017189	2599
0.5751561955	4112
0.5751526666	7856
0.5751526666	5332
0.5751217795	5490
0.5750573941	252 253
0.5750539324	3705
0.5748905543	3895
0.5748509327	1204
0.5748445939	606
0.5748199812	4353
0.5747343834	4852
0.5745602798	4549
0.5745602798	2440
0.5745602798	14266
0.5745602798	11844
0.5745602798	9467
0.5745602798	7506
0.5745602798	5885
0.5745602798	4583
0.5745602798	1315
0.5745602798	1309
0.5745602798	721
0.5745416841	2622
0.5744573127	259
0.5741481193	252
0.5739624917	8869
0.5739179592	18621
0.5739179592	13860
0.5739179592	11658
0.5739179592	10599
0.5739179592	9904
0.5739179592	9312
0.5739179592	8983
0.5739179592	8624
0.5739179592	8115
0.5739179592	7699
0.5739179592	7433
0.5739179592	7193
0.5739179592	7113
0.5739179592	6890
0.5739179592	6889
0.5739179592	6824
0.5739179592	6784
0.5739179592	6705
0.5739179592	6453
0.5739179592	6401
0.5739179592	5472
0.5739179592	4309
0.5739179592	4296
0.5739179592	3856
0.5739179592	3827
0.5739179592	3465
0.5739179592	3147
0.5739179592	2785
0.5739179592	2758
0.5739179592	2752
0.5739179592	2665
0.5739179592	2201
0.5739179592	1037
0.5739179592	947
0.5739179592	719
0.5738498076	4239
0.5736890791	1631
0.5736851376	1809
0.5736763904	182
0.5736487396	3797
0.5735686287	3402
0.5735686287	3209
0.5733173517	669
0.5731496920	831
0.5730307879	474
0.5729824459	1224
0.5728853141	4427
0.5728698031	6298
0.5728163603	26
0.5727867964	3219
0.5726120657	4138
0.5725743288	879
0.5725602459	4584
0.5724359598	3974
0.5723632452	890
0.5721629049	4203
0.5720299961	6823
0.5719542909	997
0.5717978635	61
0.5717455455	5187
0.5717455455	2678
0.5717455455	1893
0.5717455455	53
0.5717455455	4136
0.5717338703	3560
0.5717338703	3027
0.5717338703	993
0.5714698157	184
0.5712886667	11044
0.5711931626	3699
0.5711931626	2569
0.5711931626	1392
0.5711931626	437
0.5711931626	8302
0.5711931626	263
0.5711715547	4101
0.5711715547	3777
0.5710047980	2826
0.5708661657	671
0.5707485731	3695
0.5706974308	3304
0.5705496345	411 776
0.5702234879	3651
0.5700151668	3135
0.5699932590	615
0.5698919211	1286
0.5698739089	113
0.5696999434	3507
0.5696159557	139
0.5694669061	4673
0.5694104473	3773
0.5694104473	3396
0.5693593996	1288
0.5693375729	1590
0.5693110689	6622
0.5691902437	3998
0.5691778149	4509
0.5687907391	19860
0.5687136320	6311
0.5687046343	203
0.5686900760	435
0.5686856369	1899
0.5685840037	38
0.5685355912	3583
0.5683333536	3587
0.5681644132	5794
0.5681644132	3558
0.5681644132	3127
0.5681644132	1528
0.5681644132	1516
0.5680105297	2098
0.5679544690	461
0.5679481015	7069
0.5677623464	3771
0.5677375116	3995
0.5676345189	897
0.5676011155	2423
0.5674411770	9020
0.5672962342	17295
0.5672712673	3990
0.5671724856	575
0.5665311034	5251
0.5664724202	14123
0.5664724202	10572
0.5664724202	10125
0.5664724202	7732
0.5664724202	7658
0.5664724202	7376
0.5664724202	7155
0.5664724202	6683
0.5664724202	6383
0.5664724202	5762
0.5664724202	4063
0.5664724202	3553
0.5664724202	2380
0.5664724202	1796
0.5664724202	12382
0.5664724202	9737
0.5664676535	1970
0.5664112093	2136
0.5663710798	13917
0.5663710798	11420
0.5663710798	10622
0.5663710798	9593
0.5663710798	8295
0.5663710798	7165
0.5663710798	6722
0.5663710798	6691
0.5663710798	6492
0.5663710798	6329
0.5663710798	6165
0.5663710798	6081
0.5663710798	5904
0.5663710798	5464
0.5663710798	4763
0.5663710798	4685
0.5663710798	4529
0.5663710798	4391
0.5663710798	4327
0.5663710798	3891
0.5663710798	3187
0.5663710798	3131
0.5663710798	3010
0.5663710798	2851
0.5663710798	2549
0.5663710798	978
0.5663710798	9017
0.5663710798	7172
0.5663710798	6489
0.5663710798	1675
0.5663710798	1577
0.5663710798	1260
0.5663710798	1160
0.5663710798	838
0.5663710798	261
0.5663483263	3787
0.5663166634	178
0.5661594667	14077
0.5661594667	10483
0.5661594667	10231
0.5661594667	9869
0.5661594667	9490
0.5661594667	9238
0.5661594667	9018
0.5661594667	8656
0.5661594667	7921
0.5661594667	7404
0.5661594667	7398
0.5661594667	7266
0.5661594667	6909
0.5661594667	6680
0.5661594667	6394
0.5661594667	6388
0.5661594667	6379
0.5661594667	6111
0.5661594667	5352
0.5661594667	4933
0.5661594667	4752
0.5661594667	4593
0.5661594667	4265
0.5661594667	3738
0.5661594667	3433
0.5661594667	2856
0.5661594667	2404
0.5661594667	2110
0.5661594667	2045
0.5661594667	1753
0.5661594667	1707
0.5661594667	1227
0.5661594667	1145
0.5661594667	1076
0.5661594667	870
0.5661594667	638
0.5661594667	289
0.5660800801	2686
0.5659452184	1077
0.5659040548	5412
0.5658133530	360
0.5655007901	2033
0.5654449518	8736
0.5650633194	3400
0.5648579802	2096
0.5648206487	4723
0.5647267393	1006
0.5645879204	126
0.5645528790	4028 418
0.5644963785	3599
0.5644419103	4307
0.5642572838	90
0.5641938610	421
0.5641643253	589
0.5641585965	1595
0.5641332017	7173
0.5641041344	4156
0.5638780037	5851
0.5638780037	4526
0.5638780037	2237
0.5638780037	920
0.5638203106	8262
0.5636928316	861
0.5634662836	3323
0.5633856849	2357
0.5632523136	119
0.5630853482	3687
0.5630543303	3338
0.5630543303	279
0.5630498065	5143
0.5630306781	5692
0.5625460384	674
0.5624006548	755
0.5622770130	101
0.5621336457	418
0.5620676535	3968
0.5619491772	326
0.5618372843	16263
0.5618305892	581
0.5616790522	1240
0.5616776225	3729
0.5615205925	1000 560
0.5614305208	6480
0.5614305208	6511
0.5614176535	634
0.5612308531	36
0.5611478567	2102
0.5607845863	654
0.5607348717	392
0.5606189038	3525
0.5605799866	2324
0.5605642058	14482
0.5605642058	13900
0.5605642058	9046
0.5605642058	6844
0.5605642058	6443
0.5605642058	6216
0.5605642058	5964
0.5605642058	3571
0.5605642058	2280
0.5605642058	1203
0.5605642058	763
0.5605642058	209
0.5604372378	944
0.5604193849	1794
0.5601536066	742
0.5601367858	3617
0.5599445426	241
0.5599185785	4031
0.5599131610	5776
0.5599094027	3753
0.5598393773	4026
0.5598151873	3072
0.5596182188	3711
0.5595756745	3499
0.5594772553	4823
0.5594772553	4418
0.5594627526	213
0.5592809837	1393
0.5590880647	3025
0.5590125737	7125
0.5590125737	5346
0.5590125737	3175
0.5590125737	969
0.5590125737	887
0.5588300828	18229
0.5588300828	14751
0.5588300828	14500
0.5588300828	14229
0.5588300828	14033
0.5588300828	12920
0.5588300828	12782
0.5588300828	12774
0.5588300828	12107
0.5588300828	11430
0.5588300828	10588
0.5588300828	10122
0.5588300828	10024
0.5588300828	9736
0.5588300828	9190
0.5588300828	9052
0.5588300828	8894
0.5588300828	8882
0.5588300828	8637
0.5588300828	8206
0.5588300828	7961
0.5588300828	7958
0.5588300828	7366
0.5588300828	6960
0.5588300828	6829
0.5588300828	6806
0.5588300828	6679
0.5588300828	6360
0.5588300828	6258
0.5588300828	6147
0.5588300828	6058
0.5588300828	5687
0.5588300828	5499
0.5588300828	5439
0.5588300828	5389
0.5588300828	5388
0.5588300828	5124
0.5588300828	5119
0.5588300828	4984
0.5588300828	4780
0.5588300828	4676
0.5588300828	4539
0.5588300828	4398
0.5588300828	4325
0.5588300828	4310
0.5588300828	4186
0.5588300828	3819
0.5588300828	3775
0.5588300828	3572
0.5588300828	3510
0.5588300828	3508
0.5588300828	3372
0.5588300828	3128
0.5588300828	3086
0.5588300828	2997
0.5588300828	2942
0.5588300828	2355
0.5588300828	2212
0.5588300828	1865
0.5588300828	1630
0.5588300828	1180
0.5588300828	904
0.5588300828	469
0.5588300828	201
0.5588300828	110
0.5588300828	104
0.5588300828	8816
0.5588300828	7705
0.5588300828	4187
0.5587872438	9442
0.5587872438	8714
0.5587872438	6538
0.5587872438	4395
0.5587872438	2619
0.5587872438	1285
0.5586124501	3290
0.5584008571	4592
0.5581843069	3742
0.5581351812	999
0.5579474419	14160
0.5578464890	1000
0.5577502326	683
0.5576861356	574
0.5576611974	6971
0.5576145727	425
0.5572744549	225
0.5572600727	409
0.5571614025	1403
0.5571089806	1940
0.5570223729	3697
0.5569732707	4875
0.5568682346	3159
0.5568669091	3304 1217
0.5564719021	4600
0.5564160939	2013
0.5562477101	8076
0.5561406186	415
0.5559772553	2103
0.5558994556	317
0.5558857255	1360
0.5558457430	1428
0.5558218021	2741
0.5556774199	585
0.5556487476	14006
0.5555001904	3848
0.5554783778	3710
0.5551787703	441
0.5551370863	3749
0.5550152631	747
0.5548998450	4178
0.5548539730	3808
0.5547311107	2698
0.5547311107	2568
0.5547311107	1977
0.5543305525	1073
0.5543218957	18160
0.5543218957	2352
0.5543218957	4215
0.5543081507	1938
0.5543081507	5822
0.5541542341	1498
0.5541446000	1807
0.5541381191	3991
0.5539756007	15693
0.5539091549	881
0.5538936180	7561
0.5537969795	4022
0.5537969795	5138
0.5536609385	3506
0.5536373836	1438 1439 95
0.5536182188	1625
0.5535587643	3953
0.5534845941	3213
0.5533693518	8852
0.5533693518	1512
0.5533394638	4848
0.5533394638	3727
0.5533394638	136
0.5531649220	2931
0.5529930056	785
0.5529646395	2361
0.5526073633	1084
0.5524281348	5122
0.5521774553	6201
0.5521625059	79
0.5521434330	2965
0.5521086312	6613
0.5519771523	2445
0.5516111441	320
0.5515730923	4116
0.5515700546	3651 101
0.5515693457	4524
0.5514445368	4043
0.5514428521	5599
0.5514428521	2004
0.5514428521	1682
0.5514428521	1473
0.5514428521	1344
0.5514428521	852
0.5514428521	602
0.5514428521	515
0.5514428521	15188
0.5514428521	13200
0.5514428521	11789
0.5514428521	7995
0.5514428521	7970
0.5514428521	7695
0.5514428521	6630
0.5514428521	6435
0.5514428521	6161
0.5514428521	5303
0.5514428521	4221
0.5514428521	4133
0.5514428521	3767
0.5514428521	3208
0.5514428521	3069
0.5514428521	2711
0.5514428521	2544
0.5513206262	1889
0.5511559418	6795
0.5509627934	3766
0.5509539616	3780 3968 3990
0.5508644885	4183
0.5507797962	3760
0.5506751821	123
0.5503488968	748
0.5501668936	5083
0.5498671280	749
0.5487532566	5523 3502
0.5487274006	1805
0.5483037833	3299
0.5482465553	2918
0.5481616412	9258
0.5477224121	13610
0.5474830567	561
0.5474830567	5580
0.5474830567	3855
0.5474830567	3823
0.5474830567	3806
0.5474830567	1171
0.5474142869	885
0.5473665305	3621
0.5468316521	199
0.5467509066	5949
0.5467509066	7968
0.5467509066	6262
0.5467509066	3059
0.5464333519	336
0.5463243346	783
0.5462932490	521 26
0.5460546588	5881
0.5460016763	1154
0.5460000015	896
0.5458846517	205 524 3025
0.5458204528	151
0.5457474010	239
0.5454771513	3577
0.5453704923	1217
0.5451664822	54
0.5451268179	29
0.5449765750	2489
0.5446559051	59
0.5444340751	63
0.5440238049	2948
0.5438353760	4223
0.5436662252	7537
0.5436662252	2454
0.5436218929	518 1805
0.5433940673	2356
0.5433377589	1298 750
0.5432834191	7268
0.5432161354	32 184 37
0.5431393352	7541
0.5428564718	7370
0.5428564718	6382
0.5428564718	5714
0.5428564718	2030
0.5428030232	1051
0.5427704824	1062
0.5425675262	283
0.5425643449	2900
0.5421718923	527
0.5419785362	3752
0.5418966143	2721
0.5418966143	2629
0.5417724907	2296
0.5417601216	271
0.5417043073	11237
0.5417043073	8647
0.5417043073	8524
0.5417043073	7609
0.5417043073	7444
0.5417043073	7260
0.5417043073	7169
0.5417043073	6503
0.5417043073	6502
0.5417043073	5886
0.5417043073	4871
0.5417043073	4219
0.5417043073	3916
0.5417043073	3820
0.5417043073	3701
0.5417043073	3390
0.5417043073	3146
0.5417043073	2837
0.5417043073	1896
0.5417043073	1055
0.5417043073	250
0.5417043073	236
0.5414452641	668
0.5413900871	393
0.5408648317	776
0.5408541733	1999
0.5406421965	2482
0.5405544638	4928
0.5405544638	2058
0.5404640823	1452
0.5403478333	2126
0.5402214619	1635
0.5402189429	1035
0.5401309944	76
0.5400398287	5895
0.5400398287	5366
0.5400398287	2893
0.5400398287	1586
0.5399450921	16615
0.5398851389	2156
0.5398851389	78
0.5398774006	1075
0.5396482373	484
0.5394721572	5909
0.5394721572	1731
0.5394721572	1365
0.5394558315	3547
0.5391567234	1099
0.5390653774	5133
0.5390653774	1632
0.5389146839	2038
0.5388892901	987
0.5387629552	6808
0.5387629552	6190
0.5387629552	988
0.5385920585	6150
0.5385920585	3004
0.5385920585	1906
0.5384640823	1143
0.5383745467	4181
0.5382065672	4131
0.5382033891	1306
0.5381233716	5114
0.5381233716	989
0.5377799197	6465
0.5377799197	4050
0.5377799197	3600
0.5377464260	2964
0.5376880128	3772
0.5373599287	146
0.5373353653	1431
0.5368019582	3683
0.5367796723	3840
0.5362843334	5284
0.5362843334	1195
0.5362753710	7468
0.5362753710	4734
0.5362753710	4590
0.5362753710	670
0.5362649137	9053
0.5362649137	5990
0.5362233151	6893
0.5360009421	2462
0.5359643220	121 316 487
0.5358925848	2719
0.5358751462	4671
0.5358316481	5188
0.5358316481	1800
0.5358316481	853
0.5356572116	2779
0.5354165356	6227
0.5354029254	6123
0.5353243156	1600
0.5353011692	542
0.5350783926	9930
0.5347621451	4444
0.5346159865	3851 3742
0.5342059805	142
0.5342052450	1434
0.5341184110	914
0.5338618262	1379
0.5336741160	3014
0.5333349671	1398
0.5333131842	1692
0.5332271099	6719
0.5332271099	4054
0.5332271099	3055
0.5332271099	1049
0.5330436276	48 635 1501
0.5330053776	2556
0.5328979533	8963
0.5327706439	6600
0.5327610794	3654
0.5327610794	2265
0.5327610794	2127
0.5324671255	1057
0.5324373710	3092
0.5321609188	3365
0.5316139297	5667
0.5314734595	4543
0.5313619297	1870
0.5308317074	2491
0.5306193169	293
0.5304817053	11
0.5301714375	1346
0.5297941300	4189
0.5297693169	2917
0.5297693169	291
0.5296259762	2191
0.5289180914	1945
0.5285801287	9728
0.5285801287	7407
0.5285801287	7281
0.5285801287	5790
0.5285801287	5272
0.5285801287	5223
0.5285801287	4235
0.5285801287	2228
0.5285801287	1821
0.5285801287	1810
0.5285801287	1564
0.5285801287	1115
0.5285801287	726
0.5285801287	665
0.5285801287	175
0.5285801287	8520
0.5285801287	8194
0.5285801287	7403
0.5285801287	5952
0.5285801287	4373
0.5285801287	4350
0.5285801287	3360
0.5285801287	363
0.5282243660	7347
0.5276726267	5417
0.5272737412	5249
0.5270523639	2377
0.5270523639	1265
0.5269428030	2034
0.5269256053	5180
0.5264833957	4599
0.5260928030	3610
0.5255523639	4206
0.5253084786	1357
0.5252106972	1168
0.5250814422	2912
0.5248416546	3212
0.5245546060	1438
0.5244098638	2448
0.5243552718	2924
0.5243159629	1144
0.5238150253	3901
0.5235048893	316 487
0.5233854989	804
0.5232596277	958
0.5231814511	547
0.5226029410	1590 1217
0.5220840918	614
0.5219621852	4058 418
0.5219484109	1018
0.5218080868	723
0.5217700638	640
0.5217106942	1499
0.5212009751	4020
0.5208690509	3566
0.5208690509	576
0.5208690509	9180
0.5208690509	7326
0.5208690509	2496
0.5201287474	3967
0.5195250948	2608
0.5195250948	2574
0.5194566305	594
0.5190541773	613
0.5189878617	3562
0.5186402209	4368
0.5185461722	1601 2097
0.5184877229	2205
0.5182815204	1566
0.5179760476	938
0.5179729483	4001
0.5178991706	1485
0.5178890322	4267
0.5178887149	2884
0.5178652578	985
0.5177078062	1111
0.5176647844	6077
0.5174114041	2363
0.5173847886	1148
0.5172734220	4102
0.5170912904	7353
0.5170662007	59 3895
0.5162822397	3972
0.5161505179	5192
0.5159103269	3554
0.5159067553	3733
0.5157718142	2852
0.5154600133	1450
0.5153548658	3828
0.5150103881	754
0.5147935962	4969
0.5147125693	4884
0.5145913673	9275
0.5145913673	4153
0.5143003681	348
0.5142140503	1885
0.5142067553	5397
0.5141442864	1086
0.5139662950	12548
0.5139662950	6695
0.5139662950	5514
0.5139662950	5271
0.5139662950	4882
0.5139662950	4858
0.5139662950	4510
0.5139662950	4158
0.5139662950	2771
0.5139662950	1869
0.5139662950	982
0.5139662950	662
0.5139662950	404
0.5136216096	524 3025
0.5134118366	284
0.5133903632	722
0.5133590973	219
0.5133570916	3637
0.5131339886	800
0.5130541663	671 3798
0.5129814445	1259
0.5129015636	4059
0.5127098969	4324
0.5126760775	2587
0.5125657012	414
0.5125424783	2006
0.5122976359	1266
0.5122976359	3669
0.5122705743	7666
0.5122392897	3840 890 3213
0.5120068988	2873
0.5110090005	7006
0.5108964281	968 596
0.5107423149	1359
0.5105930018	3986
0.5105930018	3082
0.5104493197	99
0.5098999930	3985
0.5096826733	1970 4089
0.5092504408	586
0.5088973193	296
0.5088080859	4411
0.5087081232	4299
0.5082150465	233
0.5081279427	1616
0.5078821704	1825
0.5076886114	7035
0.5076213910	10384
0.5076213910	8329
0.5076213910	5765
0.5076213910	3248
0.5076213910	684
0.5076213910	504
0.5073676097	4396
0.5073228206	1475
0.5069768133	124
0.5068317170	1813
0.5065417835	1385
0.5065242133	516 7385
0.5059943997	1665
0.5059943997	4125
0.5059096710	2521
0.5057170005	7360
0.5057170005	5414
0.5057170005	4834
0.5057170005	4388
0.5057170005	4110
0.5057170005	3337
0.5057170005	1994
0.5057170005	1732
0.5057170005	1147
0.5057170005	760
0.5057170005	610
0.5057170005	446
0.5057170005	67
0.5054816670	1035 671
0.5051423210	4188
0.5050512326	2415
0.5045638322	789
0.5044586245	194
0.5043959989	3232
0.5040573622	8097
0.5039736884	12261
0.5039736884	9123
0.5039736884	9032
0.5039736884	6079
0.5039736884	4222
0.5039736884	1981
0.5039736884	889
0.5039736884	876
0.5039186177	19050
0.5037350350	1405
0.5037350350	5699
0.5037350350	3656
0.5037350350	2441
0.5037350350	1445
0.5035328321	454
0.5035062722	5228
0.5033541587	1197
0.5033140503	1013
0.5030089528	1767
0.5024146943	524
0.5023903841	13966
0.5023903841	4684
0.5023903841	3954
0.5023575655	4132
0.5023466972	2925
0.5023466972	797
0.5023466972	351
0.5021999079	8711
0.5021999079	8241
0.5021999079	5348
0.5021999079	3816
0.5021999079	2060
0.5021870167	1095
0.5021148446	468
0.5019784194	1015
0.5019502231	805
0.5019296695	4268
0.5019296695	330
0.5018912894	529
0.5017697591	1261
0.5017482963	3786
0.5017482963	2074
0.5017482963	1734
0.5016601937	1598
0.5015944721	623
0.5015396577	1690
0.5015396577	50
0.5013882629	287
0.5012859348	2344
0.5012859348	537
0.5011324437	121 281 487
0.5010432139	5383
0.5010432139	4586
0.5010432139	3732
0.5010432139	235
0.5010331937	3404
0.5006546695	995
0.5006330432	2592
0.5006330432	4978
0.5006330432	3833
0.5005898944	8708
0.5005898944	6265
0.5005898944	5595
0.5005898944	5590
0.5005898944	5425
0.5005898944	5212
0.5005898944	5127
0.5005898944	4923
0.5005898944	4402
0.5005898944	3681
0.5005898944	2909
0.5005898944	975
0.5005898944	736
0.5005898944	500
0.5005839905	3628 340 151
0.5005375266	3519
0.5005375266	3432
0.5005375266	3298
0.5005375266	3023
0.5005375266	1184
0.5003962245	5444
0.5003818524	16775
0.5000867807	5179
0.5000737486	6361
0.5000737486	5239
0.5000737486	2667
0.5000737486	1165
0.4999914936	1842
0.4999914936	1649
0.4999914936	1575
0.4999914936	567
0.4999886944	1788
0.4998427935	1875
0.4997926536	3671
0.4996885427	5513
0.4996885427	3789
0.4993195728	704
0.4992771157	1663
0.4992625266	5299
0.4990561598	533
0.4988623761	7969
0.4988623761	4570
0.4988623761	4321
0.4988623761	2325
0.4988623761	2258
0.4988623761	541
0.4987293359	1054
0.4985965516	7204
0.4985965516	3689
0.4985965516	1827
0.4985965516	793
0.4982785926	147
0.4981151650	3862
0.4981062255	333
0.4981041587	7748
0.4981041587	4776
0.4981041587	1737
0.4981041587	7116
0.4981041587	4381
0.4981041587	3763
0.4981041587	3703
0.4981041587	3491
0.4981041587	3071
0.4981041587	2949
0.4981041587	2816
0.4981041587	2743
0.4981041587	2638
0.4981041587	977
0.4979955737	5185
0.4977989355	8183
0.4977989355	6664
0.4977989355	5804
0.4977989355	5416
0.4977989355	4305
0.4977989355	2306
0.4974859367	5007
0.4970237319	799
0.4968785995	2359
0.4967675024	3869
0.4966663873	4200
0.4966650273	4397
0.4964223590	4522
0.4962406216	179
0.4961475998	908
0.4957932324	622
0.4954085141	1642
0.4949612066	464
0.4946800086	65
0.4944334288	4827
0.4944334288	1774
0.4942531068	4532
0.4933575797	3335
0.4933466752	822
0.4932074806	1122
0.4930774984	202
0.4930165219	3179
0.4928962202	3731
0.4928764293	5086
0.4927855680	601
0.4926800086	472
0.4922011172	1414
0.4921998790	1590 101
0.4921800086	1177
0.4914434771	4688
0.4912718179	2021
0.4912011172	4912
0.4911103155	1035 3577
0.4910961509	7174
0.4910961509	6105
0.4910961509	2780
0.4908466752	3293
0.4902011172	3279
0.4902011172	2106
0.4901749380	2052
0.4898795825	305
0.4897032713	360 142
0.4896572264	48
0.4894068965	512
0.4892747491	56
0.4891721195	4421
0.4888284147	4032
0.4888284147	2547
0.4887102057	1048
0.4887068424	2781
0.4887011172	5926
0.4887011172	2189
0.4885794842	2042
0.4885145566	1135
0.4885145566	420
0.4884598280	4331
0.4883072620	5769
0.4883072620	598
0.4883034147	5005
0.4883034147	1116
0.4881871008	916
0.4881871008	3309
0.4881721195	3978
0.4880908920	4302
0.4880794842	6091
0.4879072649	3636
0.4878677838	4141
0.4875034147	3861
0.4873895566	1507
0.4873478899	8633
0.4872794842	2007
0.4870145566	2720
0.4868478899	4497
0.4866991533	2077
0.4865145566	6080
0.4864072649	4531
0.4864072649	1372
0.4864072649	1343
0.4864072649	1228
0.4863799412	616
0.4862684703	2941
0.4862367254	3285
0.4862239485	1047
0.4861812233	3137
0.4860226495	1799
0.4860226495	170
0.4859312233	5081
0.4859312233	4023
0.4859165761	753
0.4856926456	3768
0.4856325135	4929 1590
0.4856197258	108
0.4855145566	1812
0.4855056614	983
0.4851812233	3835
0.4850478899	5730
0.4850478899	3497
0.4849639947	3517
0.4849395258	5234
0.4849395258	2240
0.4848238844	465
0.4846280067	5034
0.4846280067	2468
0.4846280067	3280
0.4846164748	959
0.4844618623	2264
0.4843812233	4781
0.4839639947	939
0.4838360399	321
0.4837980028	2557
0.4837114625	121
0.4836145258	4504
0.4836145258	2540
0.4832941225	878
0.4832515250	285
0.4830663954	778
0.4829814324	628
0.4829248289	121 34 487
0.4828190051	1770
0.4826221839	28
0.4822552831	935
0.4818190051	4019
0.4818190051	3085
0.4818168498	3521
0.4817613241	2936
0.4816836433	357
0.4816270633	6700
0.4815724649	750
0.4815417776	44
0.4812790333	43
0.4810079972	2250
0.4809861719	3879
0.4807356718	3682
0.4806899513	3780 3968
0.4805566506	1024
0.4801454755	4028 344
0.4801356718	6748
0.4801356718	5394
0.4800676699	92 95
0.4795326469	1441
0.4794414288	516
0.4785085521	592
0.4784770713	4246
0.4783709928	968
0.4777498031	217
0.4772104748	523
0.4771765004	32
0.4770985621	1013 4320 59
0.4770133485	979
0.4767312688	386
0.4765515004	165
0.4764308781	3606 2006
0.4764230178	456
0.4762054637	502
0.4745561214	1048 3830
0.4744477360	1783
0.4742971278	3565 3499
0.4739638360	782
0.4738170835	2686 1786 1590
0.4736604396	2238
0.4733379137	897 5523
0.4732577138	8993
0.4729820399	882
0.4727157247	28 635 421
0.4721561041	766
0.4708475249	986
0.4706036822	4123
0.4705127855	2956
0.4699871590	1849
0.4698359565	5510 897
0.4697997785	497
0.4697501659	327
0.4696661064	836
0.4693667457	125
0.4692605258	581 61
0.4689320580	1139
0.4687565337	524 232
0.4681946370	2080
0.4678482825	1102
0.4677917311	93
0.4676477005	611
0.4675997416	10372
0.4675997416	4577
0.4675210443	378
0.4667941207	267
0.4665361675	3138
0.4665361675	519
0.4664181454	20
0.4662792784	4043 3704
0.4661568920	370
0.4651931796	1544
0.4651232403	1601
0.4651136654	3505 3072
0.4634991424	3025 2686
0.4632540502	8628
0.4628953285	27
0.4627088459	42
0.4617527234	3439
0.4613152977	187
0.4612502886	174
0.4606139276	775
0.4604016995	1991
0.4603928691	4193
0.4601368403	1572
0.4595658802	729
0.4588761351	728
0.4586972414	286
0.4584544782	803
0.4584432374	463
0.4579940878	3975 286
0.4575717581	18
0.4572870135	86
0.4571563095	313
0.4562351166	1002
0.4561809057	275
0.4559296205	287 1385
0.4558541003	1786 1590 1217
0.4552815995	1857
0.4547271830	457
0.4545497905	919
0.4545382760	991
0.4539953949	999 3587
0.4536445016	5480
0.4533765606	39
0.4531275215	1013 3525 669
0.4528112278	1584
0.4525997636	4931
0.4525155239	417
0.4524943220	2032
0.4524438670	8579
0.4524438670	7826
0.4524438670	612
0.4519377412	1439
0.4518514649	3561
0.4513812245	728 417 545
0.4510964168	2085
0.4507610126	81
0.4506732082	2700
0.4506726642	92
0.4500844438	4031 3499
0.4498668351	95
0.4493880560	5118
0.4491499637	1031 1590
0.4488933141	5157
0.4487323086	6743 92
0.4469894687	859
0.4468162111	105
0.4465325368	8103
0.4465325368	3589
0.4460354235	455
0.4460174498	673
0.4458728152	1035 230
0.4450598939	376
0.4439192545	383
0.4436428357	25
0.4430369435	3583 3213
0.4429647800	7083 1805
0.4419360355	3151 296
0.4413198948	2515
0.4409880297	262
0.4395923517	577 775
0.4383019687	57
0.4376440897	4011 296
0.4374124441	3053
0.4370775448	3599 3742
0.4365663605	4349
0.4364695293	216
0.4362293598	1159 3525
0.4361123985	249 271
0.4345252068	30
0.4344693211	5159
0.4343130777	3213 4507
0.4339881524	1811
0.4337371449	144 2869 30
0.4335427836	206
0.4334841938	6283
0.4334464656	6563
0.4331608370	2689
0.4326018156	5240
0.4324157368	5840
0.4316801642	5365
0.4316801642	4464
0.4310087597	6386
0.4308871432	8844
0.4306109682	3036
0.4303101965	4960
0.4287378445	7078
0.4284539808	1098
0.4284150386	11407
0.4282756081	597
0.4277022474	3025 491
0.4276372958	347
0.4272607738	4198
0.4263666091	1751
0.4263608014	3678
0.4260992708	18307
0.4260992708	14002
0.4258717797	8376
0.4254048968	14142
0.4254048968	9311
0.4254048968	7889
0.4254048968	7652
0.4254048968	14791
0.4253068511	2686 1786
0.4252213122	906
0.4252213122	7120
0.4252213122	3206
0.4252107648	2137
0.4252107648	2051
0.4252107648	1114
0.4252107648	5491
0.4252107648	5004
0.4251081572	8112
0.4251081572	2970
0.4232361434	6906
0.4231236300	6665
0.4231236300	5353
0.4231236300	3936
0.4231236300	2724
0.4231236300	15989
0.4231236300	7550
0.4231236300	1149
0.4227339467	139 1040
0.4227169752	4690
0.4226868649	2270
0.4225140651	3840 890 1084
0.4224743457	7374
0.4224743457	4804
0.4224743457	1963
0.4224743457	1523
0.4223020866	4031 3577
0.4221769717	2960
0.4219917808	703
0.4219917808	6578
0.4219917808	1917
0.4219917808	9524
0.4219917808	18308
0.4219917808	4716
0.4218675912	20591
0.4218675912	2958
0.4215176452	8707
0.4215176452	4192
0.4212174020	3213 3599 1013
0.4212076352	1121 1013
0.4194763964	1947
0.4190908691	7542
0.4190634091	1035 3710
0.4174430169	5169
0.4156022443	934
0.4150150793	470
0.4150080214	1670
0.4143407265	6826
0.4141325904	4351
0.4141162771	5315
0.4140338552	8244
0.4140338552	4171
0.4125769576	6588
0.4125663411	789 14
0.4123297727	4736
0.4112353630	222
0.4112123629	1939
0.4106371760	467
0.4105375200	3677
0.4104122186	2992
0.4096276075	385
0.4089983496	3464
0.4083922872	2996
0.4081227308	595
0.4079936612	1644
0.4079904071	3162
0.4078319751	2487
0.4075955731	15978
0.4075955731	5561
0.4075955731	3690
0.4075955731	458
0.4070662629	3112
0.4060000601	139 25 855
0.4056731526	813
0.4055095328	62 383
0.4053069501	1321
0.4040419641	2969
0.4036299549	3170
0.4026774221	3783 378
0.4023790979	5340 805
0.4019688344	2611
0.4018789890	1447
0.4017157204	4261 360
0.4014341409	2669
0.4014044059	2503 991
0.4013592077	2153
0.4010521677	1109
0.4010521677	4365
0.4008198089	4681
0.4007335541	2800
0.4004998999	1166
0.4004585541	821
0.4004317120	3255
0.4004317120	1677
0.4004317120	1446
0.3998042977	2645
0.3996875784	156
0.3995324798	1439 95
0.3982088051	796
0.3975701622	2923
0.3975623099	1164
0.3973816192	814
0.3964643508	854
0.3964526186	4064 113
0.3960539675	10079
0.3960539675	2670
0.3960521813	358
0.3956360197	360 4116
0.3954695927	4645
0.3951609491	8807
0.3949679674	2414
0.3943864815	6635
0.3939790482	1133
0.3938698411	14223 3507
0.3938481712	2668
0.3932680363	1590 3687
0.3931472396	788
0.3929012087	4555
0.3929012087	2236
0.3928577866	3205
0.3925909800	32 313 314
0.3921658261	4311
0.3921658261	3604
0.3921291540	1786 1084
0.3920914643	6056
0.3919220093	528
0.3918433383	5558
0.3917366490	777
0.3915467734	996
0.3914867712	18 10046
0.3904365744	304
0.3903747976	1819
0.3902006400	414 1439 95
0.3895319820	15
0.3888755379	2597
0.3888755379	2139
0.3883765018	3805
0.3880531482	177
0.3879091267	4991
0.3877924600	6352
0.3875933383	6542
0.3873755379	3818
0.3871196138	387
0.3868796285	5339
0.3865720663	1189
0.3865245113	774
0.3861099634	5246
0.3858936555	499
0.3857141300	3165
0.3857141300	143
0.3856534337	2651
0.3854230672	436
0.3853603357	540
0.3850506958	1540
0.3849924600	1307
0.3849234848	6628
0.3848897475	570
0.3848586625	621
0.3847048154	2431
0.3842208488	5155
0.3842208488	3196
0.3841101708	846
0.3840235826	332
0.3836466586	3613
0.3834801685	819
0.3834305487	3221
0.3832950469	0
0.3831987428	4145
0.3828936555	488
0.3827084268	155
0.3826250934	309
0.3822614684	666
0.3822247468	1626
0.3822247468	681
0.3820774865	9
0.3820528803	6882
0.3820528803	5977
0.3820375510	3449
0.3818843089	728 417 5052
0.3818024865	1368
0.3815946939	915
0.3812499391	5703
0.3805901005	150
0.3804245825	1825 239
0.3803866024	208
0.3803708844	2420
0.3802676201	338
0.3801298157	266
0.3796801138	6209
0.3796250934	1232
0.3792324449	810
0.3791099185	414 378 383 95
0.3789898203	153
0.3787051777	5095
0.3787051777	2661
0.3783774039	2922
0.3783708844	362
0.3780490973	2887
0.3780490973	2091
0.3778435448	5474
0.3775623709	2713
0.3772355252	790
0.3771625451	728 417 732
0.3770490973	6007
0.3770490973	1247
0.3760124713	72
0.3759237357	323
0.3757675876	5846
0.3757675876	5521
0.3756825057	1388
0.3755243903	5216
0.3755243903	4637
0.3754904566	1612
0.3753274568	227
0.3750764576	1039
0.3750191868	1915
0.3748005953	902 296
0.3747759895	5582
0.3736631733	20 4237 4238 4239
0.3732821807	1771 1035
0.3730533123	2425
0.3730210544	89
0.3727412268	2436
0.3725210544	1463
0.3724658105	97
0.3723209166	2525
0.3723111431	471
0.3721675995	3632
0.3715113013	1242
0.3714459166	1030
0.3712222731	1128
0.3708427278	1193
0.3708427278	58
0.3707292500	603
0.3701047748	1599
0.3699792500	1191
0.3694658105	55
0.3692955295	1594
0.3691594710	448
0.3688019137	483
0.3683803546	47
0.3675738013	4745
0.3674273857	631
0.3673970968	447
0.3673200158	1312
0.3672264305	228
0.3670442636	87
0.3669113579	444
0.3664779679	98
0.3659954797	2705
0.3653183926	1169
0.3650494321	1277 3506
0.3649466009	1188
0.3647588688	1782
0.3647588688	1740
0.3646088985	2112
0.3643255354	1297
0.3637826866	329
0.3637563136	401
0.3631144541	1421
0.3626375692	1482
0.3623410414	1126
0.3622798745	121 281 627
0.3618642348	377
0.3617591708	60
0.3617591708	480
0.3617591708	479
0.3617591708	256
0.3617591708	19
0.3617427808	745
0.3616559316	1096
0.3615941870	249 119
0.3608013394	45
0.3607591708	120
0.3607591708	371
0.3607591708	80
0.3604078703	13976 86
0.3604043695	42 1889
0.3602926766	3304 3213
0.3598013394	24
0.3587771989	1071 805
0.3523907044	42 382
0.3519343106	86 47 286
0.3507431728	1086 457
0.3498248103	113 491
0.3491725618	1590 4697
0.3482688061	62 383 227 1117 18
0.3478779015	144 5324
0.3453798683	144 271
0.3447317480	3829 205
0.3446102759	18 426
0.3429743311	3506 669
0.3394729025	1970 4089 18
0.3390342763	18 6013
0.3388850987	18 879
0.3355717893	1616 274
0.3350477309	3499 2686
0.3323392747	968 194
0.3305905959	108 845
0.3299797183	42 3896 1805
0.3281671697	457 91 326
0.3246667893	18 9627
0.3228178166	5773 86
0.3171165264	1035 3400
0.3169637352	414 95
0.3158899350	249 1304
0.3152863596	516 37
0.3152725573	1590 4543
0.3109346151	1139 831
0.3104871594	18 7954
0.3104610963	857 859
0.3049172061	521 26 18
0.3045464642	417 234
0.3044812334	3704 197
0.2982514359	3217 991
0.2969749142	1092 1144
0.2953316279	48 635
0.2908538896	1099 417
0.2904045479	108 90
0.2884974325	6646 174
0.2877861600	3213 2773
0.2873713820	4503 86
0.2872643060	18 12044
0.2805556771	144 271 30
0.2798277938	1885 1439
0.2777012069	1616 1829
0.2773099244	2495 174
0.2766610414	3728 383
0.2748295723	1035 3506
0.2743054938	3651 1590
0.2738275056	10864 86
0.2733540174	1590 669
0.2728662834	2826 340 1075
0.2723001417	897 2686
0.2716477000	28 4031 3577
0.2705352141	1515 39
0.2700997006	1651 376
0.2698420728	1075 151
0.2677028289	281 370
0.2676379475	32 3736
0.2644166300	831 86
0.2630157371	91 326 805
0.2609490552	585 39
0.2598082270	28 2014
0.2596515121	3599 3851
0.2539462315	3628 340
0.2509261746	32 3929 491
0.2489114266	3213 4070
0.2480141426	2193 18
0.2479221619	20 2715
0.2471183788	113 491 86
0.2455265551	4241 669 30
0.2443651053	105 91 326
0.2441308896	42 382 671
0.2437988185	4041 86
0.2415866231	121 281
0.2411297210	3674 275
0.2405071917	8070 18
0.2401896066	1357 417
0.2399270806	34 370
0.2388944237	2956 91
0.2377370611	1590 2356 39
0.2357199247	108 1150
0.2351325590	2446 174
0.2348393300	3840 890 1084 30
0.2344218675	42 1722
0.2343278736	18 1574
0.2336431085	3213 271
0.2328151595	32 3914 3525
0.2326265497	27 1692
0.2324830286	4052 2006
0.2313866125	3797 3705 30
0.2306133067	986 21
0.2294993531	93 592
0.2293680449	121 316
0.2285621916	3304 3501 275
0.2282387056	4058 179
0.2276951219	25 1371 18
0.2274392457	867 4621 30
0.2246594127	42 382 47 42 1889
0.2243582459	3025 433
0.2243417682	3213 3499
0.2235747171	611 91
0.2221596810	1304 101
0.2221283924	919 674
0.2214830516	1809 18
0.2203528684	879 5007
0.2199762019	2686 3587
0.2185986509	516 1092
0.2178000533	3493 360 30
0.2173083867	3793 275
0.2159227376	4113 376
0.2153985955	139 25 924
0.2143384570	9708 18
0.2133944221	728 417
0.2122248790	418 3851 30
0.2119238291	249 119 30
0.2104976056	1525 18
0.2094638542	4260 18
0.2068345248	881 174
0.2060508889	28 4867 199
0.2055699481	521 1047
0.2043387489	524 1805
0.2004162296	4122 27
0.2001634993	1590 897 39
0.1973303788	2288 18
0.1959497820	3621 42
0.1951444720	27 1544 27
0.1949394823	959 376
0.1946080230	457 4414
0.1932290430	20 411
0.1926871777	491 805
0.1915009497	121 34
0.1910009980	5511 25
0.1902699273	32 1095 4594
0.1897963615	544 18
0.1891064514	4004 25
0.1890724224	516 669
0.1882260141	5104 18
0.1873835534	414 1439
0.1869710726	54 25
0.1857571713	13584 275
0.1854819132	535 30
0.1851787840	32 1835
0.1851724906	139 25
0.1825887083	93 3892
0.1821556251	6674 18
0.1813798304	5411 991
0.1811876176	944 42
0.1803797962	1499 27
0.1793631024	20 2098
0.1791550231	3087 18
0.1789400978	6676 25
0.1787064336	15105 455
0.1786292780	919 647
0.1785520968	42 5743 25
0.1773862788	3771 859
0.1765809831	296 3025
0.1765718706	18 4748
0.1758320166	3679 27
0.1753866848	42 1719 18
0.1745738745	1501 859
0.1745161868	885 3213
0.1741085577	4070 4067 30
0.1727259315	980 18
0.1720984078	902 1013
0.1719254288	32 671 3798 897
0.1716455497	623 18
0.1715172705	2098 39
0.1697318077	596 165
0.1694425617	880 18
0.1693685428	1726 859
0.1688439446	418 3599
0.1680082090	32 3025 1182
0.1654878428	7243 25
0.1622519881	109 859
0.1619211499	42 435
0.1615583142	1767 47 165
0.1602335225	378 383
0.1602168328	3771 729
0.1596845731	3243 4959 30
0.1585585417	523 4286
0.1579384449	42 4622 18
0.1578051563	4286 775
0.1575581711	18 879 5007
0.1565998668	121 281 370
0.1561594856	92 1839
0.1544607654	32 3506 30
0.1544537988	32 3840 3525
0.1535200707	1437 25
0.1534259809	54 18
0.1532774871	360 4688
0.1519775625	3025 1075
0.1515674321	32 5419 30
0.1514814325	3499 360 30
0.1508849129	3213 1006
0.1507790359	1584 25
0.1505674321	32 252 30
0.1504607654	32 37 30
0.1498906019	28 4584 30
0.1497507542	18 9249
0.1496284201	3711 2021
0.1496068261	376 3377 30
0.1495674321	28 253 30
0.1494607654	32 671 30
0.1491064288	2573 859
0.1488563723	17 18
0.1485674321	32 1815 30
0.1479137710	262 312
0.1475674321	32 839 30
0.1475674321	32 1590 30
0.1474607654	28 3400 30
0.1473030460	42 466 25
0.1465674321	32 29 30
0.1465674321	32 1722 30
0.1456942648	205 1035
0.1455674321	32 1726 30
0.1454964858	1359 18
0.1453533764	20 5727
0.1451725226	3758 3499 30
0.1450012154	32 205 4064 113
0.1445745977	2102 18
0.1445674321	32 1090 30
0.1445674321	28 3213 30
0.1442765548	575 383
0.1435241219	32 252 253
0.1425674321	32 882 30
0.1421991298	20 411 776
0.1409376868	867 2218 30
0.1399784138	3659 18
0.1398290586	32 1154 30
0.1392763960	3874 3213
0.1389589396	326 86
0.1382738850	380 18
0.1376653816	455 647
0.1375001382	273 275
0.1373547276	2773 859
0.1370167258	59 286
0.1365715753	57 417
0.1350072414	1111 18
0.1350016911	3550 30
0.1347149485	4237 4238 4239 30
0.1346136220	32 1786 1590 3742
0.1333625088	151 1035
0.1330845162	4759 18
0.1319270724	26 18
0.1316279470	285 195
0.1312681879	32 1786 1590
0.1309447558	3213 1590
0.1305599815	3896 1805
0.1288390760	32 3506 669
0.1287692526	5728 3213
0.1281093928	4721 25
0.1280467709	3573 30
0.1276707970	3025 3304
0.1269540043	1786 3213
0.1264883135	32 59 3895
0.1259664861	32 502
0.1255068376	4045 275
0.1248896602	3840 890 3499 30
0.1241310188	7760 42
0.1222779761	418 3851
0.1221844951	151 86
0.1216737203	1095 882
0.1215847376	38 92
0.1214016020	2326 1590
0.1211043498	28 4246
0.1208229690	20 2898
0.1208190976	6344 376
0.1207662846	8328 18
0.1202290411	105 674
0.1198247012	48 881 174
0.1188859610	1804 376
0.1188538210	3525 669
0.1186833840	48 881
0.1171197266	42 8286
0.1166891025	986 383
0.1162280453	3797 3851 30
0.1158920643	4035 30
0.1157384908	108 4517
0.1155091731	326 2936
0.1152932133	3734 30
0.1152324313	18 6935
0.1147792672	3525 669 30
0.1141620139	474 165
0.1134073766	32 1035 3577
0.1133490625	61 575 42
0.1131778138	1006 1002
0.1131690576	274 18
0.1131555990	2176 30
0.1130274390	92 673
0.1126945840	3213 3213
0.1121767895	296 1805
0.1110155362	3753 1590
0.1110144121	32 1013 3653
0.1110144121	32 1013 4384
0.1096262319	42 555 30
0.1094387734	3840 785 30
0.1094132462	32 671 3798
0.1091302101	340 1075
0.1091225054	121 34 370
0.1070662690	2032 1144
0.1066006528	6098 30
0.1063257887	32 3985 2625
0.1061836014	28 2160 30
0.1059076414	1035 3587 42
0.1049990276	409 376
0.1040179803	3506 101 42
0.1034188838	32 3758 3499
0.1031473338	457 91
0.1027547794	125 139
0.1021985594	1170 376
0.1021560538	523 310
0.1020683263	574 275
0.1016075861	105 91
0.1014045823	491 86
0.1013035017	789 3213
0.1008941808	3570 376
0.0997158690	32 671 340
0.0982158734	32 205
0.0980349323	383 227 1117 18
0.0979231636	20 411 776 42
0.0979134400	647 165
0.0966370595	3925 30
0.0963354583	1786 1590 3742 30
0.0962711614	3899 376
0.0961491499	32 3623
0.0957872899	4337 1002
0.0955973214	28 3908
0.0955344780	3742 1002
0.0953343832	411 776 42
0.0949730627	3990 3599
0.0934816988	463 542
0.0923194398	3990 376
0.0915511180	92 919
0.0914454578	392 174
0.0912222115	28 248 30
0.0910237512	92 187
0.0910084442	32 1786 1590 3742 30
0.0898481940	414 378 383
0.0896481366	1095 4594
0.0896199597	315 39
0.0894180676	3495 18
0.0893955903	2781 313
0.0889474083	3555 25
0.0880198452	497 789
0.0877604791	455 3599
0.0871412006	3866 39
0.0871103089	32 2963
0.0868887828	1034 2238
0.0866464175	1093 18
0.0865950591	5490 39
0.0862126760	360 30
0.0857460610	2448 39
0.0857367130	28 3692
0.0852547598	1172 376
0.0852219938	885 18
0.0848684649	418 174
0.0842353916	3797 101 30
0.0838659175	3749 376
0.0837739920	601 39
0.0837166571	32 46
0.0836621977	4594 86
0.0832720493	4427 30
0.0821421738	4089 18
0.0818714248	742 25
0.0812122260	121 173
0.0801270474	139 1601
0.0799075624	281 2032
0.0794442992	1590 3742 30
0.0792168099	253 296
0.0791690803	239 25
0.0791245799	1826 39
0.0787625899	523 312
0.0783611728	776 42
0.0778328664	2686 3587 30
0.0771820110	32 590
0.0764510034	1438 1439
0.0761099651	789 1217
0.0760794219	32 1542 30
0.0749583110	3587 30
0.0743310180	3512 18
0.0739752897	491 296
0.0733831643	20 3243
0.0722024001	5887 30
0.0716766260	2906 30
0.0715654947	32 9933 30
0.0715654947	28 481 30
0.0714766657	4496 30
0.0710525318	32 3306
0.0705853778	3866 18
0.0705778176	357 1102
0.0704162423	81 18
0.0703915676	317 275
0.0695465536	32 1721 30
0.0692666777	28 635
0.0684403262	1590 18
0.0679322012	6211 108
0.0675242611	516 881
0.0672779826	340 86
0.0670689321	3501 275
0.0668218928	516 1726
0.0665620656	961 30
0.0661705777	28 552
0.0656597214	2360 30
0.0653465069	411 39
0.0653363097	151 286
0.0653264400	32 535 30
0.0651949807	749 27
0.0649619980	32 552
0.0649455939	367 18
0.0648662753	417 327
0.0648421598	3135 766
0.0643532922	18 7432
0.0642253430	3563 30
0.0637629485	18 3844
0.0636582109	18 7647
0.0635145333	3561 357
0.0634540023	1625 376
0.0633550657	18 4195
0.0632304249	1726 25
0.0630659023	1017 376
0.0624785191	327 285
0.0622936351	28 860
0.0621946589	121 1073
0.0616980651	174 3655
0.0616284779	273 42
0.0615842187	3084 18
0.0612343365	9233 30
0.0612216059	1736 18
0.0610496034	20 421 42
0.0609271751	18 5214
0.0602944776	3851 30
0.0602530657	28 128
0.0601458680	32 183 30
0.0598504571	18 551
0.0589685939	425 174
0.0585205713	5401 39
0.0581640918	59 86
0.0579790301	32 315 30
0.0578715941	28 4762
0.0574449700	57 463
0.0563896063	32 1240
0.0559556101	28 5662
0.0558524637	1067 39
0.0557858276	32 3275 30
0.0552883854	3652 18
0.0552802384	4163 30
0.0549981491	125 357
0.0549339710	1940 93
0.0548222404	3213 286
0.0545074765	3495 25
0.0544691929	194 165
0.0543934976	92 455
0.0542502646	3771 93
0.0541788253	731 18
0.0540717949	42 4262
0.0535206424	498 86
0.0533605166	18 9896
0.0530320162	1319 18
0.0529288394	3848 42
0.0527075278	28 5642
0.0526282557	2393 376
0.0525869417	28 1631
0.0521088260	3945 30
0.0520240294	216 27
0.0519482157	6264 18
0.0517186369	20 410
0.0516738005	105 4052
0.0515058617	523 747
0.0511030880	3966 275
0.0506666936	3213 86
0.0504368179	28 1562
0.0503431117	5495 42
0.0500537015	28 466 30
0.0500281676	27 1625 376
0.0494346486	310 275
0.0493025438	375 30
0.0492622572	173 766
0.0488563655	194 92
0.0481176186	93 592 523
0.0479745475	32 1710 30
0.0478786003	32 2102 30
0.0477771452	1987 42
0.0474161946	6050 30
0.0472410538	794 25
0.0469366331	417 61
0.0469304540	881 30
0.0468420263	165 152
0.0465352209	3507 376
0.0460739146	42 946 18
0.0458568043	28 1083
0.0456691987	4584 30
0.0456217966	28 5401
0.0454781096	3845 30
0.0454261784	28 195 25
0.0454195692	3030 376
0.0454194232	42 435 18
0.0447036369	3705 30
0.0445312158	1830 18
0.0444344988	121 1805
0.0443784150	1783 18
0.0440146748	2936 86
0.0437769784	28 1620 30
0.0437537394	2107 30
0.0437345436	1038 39
0.0434327483	11557 30
0.0434210261	919 194
0.0433460946	5444 18
0.0432820023	516 3753
0.0432245432	42 1722 18
0.0430270215	3561 523
0.0428724885	173 174
0.0428649326	152 25
0.0425177752	6831 25
0.0424537394	32 1154
0.0422496089	28 1054
0.0415999528	3585 376
0.0415763292	9894 30
0.0414527800	764 30
0.0414511469	523 1102
0.0414428928	3609 30
0.0414351000	184 42
0.0412487757	57 728
0.0411004529	671 275
0.0405179902	4805 30
0.0401011211	2674 30
0.0396638949	1679 376
0.0396224161	776 30
0.0395781360	234 376
0.0392748257	3548 18
0.0392567698	392 30
0.0390439357	3534 376
0.0389888662	427 42
0.0389634889	102 30
0.0388439928	216 18
0.0387495279	7436 30
0.0385897552	18 4323
0.0383024835	32 886 30
0.0381263343	481 275
0.0375860499	669 30
0.0374506083	32 881 30
0.0374177301	4304 18
0.0373986501	421 42
0.0373783043	749 376
0.0369525205	803 18
0.0369449283	28 776 39
0.0368152216	317 376
0.0367776843	4161 18
0.0365911834	518 25
0.0365327795	8904 30
0.0364001678	1501 42
0.0359245798	12 30
0.0359217267	20 421
0.0358564301	1154 30
0.0357103318	3556 30
0.0356600795	776 39
0.0356578208	81 859
0.0354274835	32 759 30
0.0353046573	946 18
0.0353038375	7421 30
0.0351358168	28 4883 30
0.0351157320	628 42
0.0349820900	1402 30
0.0347783413	1042 30
0.0347203697	163 30
0.0346886781	1840 18
0.0346236713	545 42
0.0345063637	3441 25
0.0344677865	32 1095
0.0344446560	32 634 30
0.0342779893	32 776 30
0.0340891308	3966 30
0.0339438477	2624 275
0.0335749375	27 54 18
0.0333175778	20 4237
0.0332067527	32 43 30
0.0331423818	18 3469
0.0331091210	7102 30
0.0330647406	4204 30
0.0329984194	32 85 30
0.0329984194	32 606 30
0.0329508956	1949 30
0.0329110580	121 1084
0.0328658621	92 86
0.0328442340	2451 18
0.0326487873	5698 30
0.0326462298	3526 18
0.0325555417	2944 30
0.0324722768	18 5969
0.0324040216	28 4359
0.0323994549	4784 30
0.0321356927	32 2573 859
0.0320878200	3848 93
0.0320294389	1024 30
0.0320168391	27 1544
0.0319684752	3680 18
0.0314837354	1492 30
0.0314689488	3219 30
0.0314097267	4081 376
0.0313360403	3802 30
0.0312702407	4542 30
0.0312044284	5411 25
0.0311897288	455 474
0.0310940779	1291 30
0.0310400861	32 392 30
0.0309731467	271 30
0.0307858904	32 1717 30
0.0307346701	81 42
0.0307185847	516 1035
0.0305657729	4314 18
0.0305657729	412 18
0.0303657898	2869 30
0.0303095435	121 1217
0.0303054161	32 3587 30
0.0301131199	3961 30
0.0300097629	3152 42
0.0298474380	28 1500
0.0297854350	5043 18
0.0297808731	3 30
0.0296668833	2408 30
0.0296293175	28 144
0.0295963772	1620 30
0.0295045687	1617 30
0.0292212455	32 152 30
0.0291705482	28 2912
0.0291412339	4945 30
0.0290479184	1475 25
0.0290281455	6526 30
0.0288092423	542 42
0.0286461867	7929 30
0.0285601051	57 728 417
0.0285322454	667 30
0.0283401417	32 281
0.0283197516	32 3914
0.0282064888	1141 30
0.0281573629	3042 42
0.0280143581	28 427
0.0279463337	174 2936
0.0279207362	1940 376
0.0276136771	3977 18
0.0275860541	586 30
0.0275591856	3851 376
0.0273348632	1949 376
0.0272826101	277 30
0.0272429902	2114 30
0.0270325110	4523 18
0.0269557351	32 1506
0.0269356132	5398 42
0.0268441318	280 25
0.0264153616	34 174
0.0263881321	1959 30
0.0263720031	3174 30
0.0263534621	379 18
0.0262552243	109 25
0.0262414494	28 3453
0.0258548794	1314 30
0.0257451030	1593 25
0.0257128195	101 42
0.0256617471	1862 30
0.0250155744	1090 376
0.0249832574	4970 30
0.0249356132	3441 18
0.0247975446	26 376
0.0245461529	101 30
0.0239967469	32 1721
0.0239818697	2025 30
0.0237230787	183 30
0.0235798809	32 3275
0.0235658341	28 776 42
0.0235142931	336 42
0.0234675184	32 985
0.0234078737	32 145 30
0.0232030961	32 9933
0.0231529909	28 3668
0.0230983601	668 30
0.0230213917	3377 30
0.0228457229	18 3719
0.0228291691	102 25
0.0227377971	32 3705 30
0.0226536264	32 281 30
0.0226453045	171 30
0.0226122859	4067 30
0.0224218600	441 376
0.0223087491	32 451 30
0.0221962531	3614 30
0.0220034449	1192 30
0.0218929876	3060 30
0.0217377971	32 101 30
0.0216341639	2726 30
0.0215742943	18 1703
0.0214445065	223 39
0.0214344323	28 195
0.0213015550	463 81
0.0212999454	205 524
0.0212067134	29 27
0.0211144523	2160 30
0.0209700739	28 543 30
0.0209522705	18 6659
0.0208200478	5707 30
0.0206121015	18 4004 25
0.0204247337	259 30
0.0203792555	42 102 25
0.0203478136	42 109 25
0.0203316570	3726 93
0.0203194083	1417 30
0.0202944304	4883 30
0.0202421327	32 5 30
0.0202189575	1117 18
0.0201165972	1439 86
0.0200472758	57 417 25
0.0199193034	3895 30
0.0198728517	28 2674 30
0.0198359905	28 427 42
0.0197792669	216 39
0.0196741433	43 30
0.0196253087	57 417 42
0.0192764950	2324 275
0.0191717170	32 1620 30
0.0187699501	1102 275
0.0186986950	1286 39
0.0186427723	4104 30
0.0185003472	2250 30
0.0184265294	4704 30
0.0183214978	32 442 30
0.0182449497	18 4294
0.0182290634	32 3797 101 30
0.0182263934	580 30
0.0181172490	782 92
0.0180828049	32 2726 30
0.0180377612	3848 275
0.0178190888	2102 30
0.0176852171	2261 30
0.0176745095	1717 30
0.0176584952	28 2966 30
0.0174993613	2773 25
0.0173872934	152 30
0.0173515423	296 113
0.0173133235	1371 18
0.0173122565	1129 30
0.0172852171	13957 30
0.0172222811	1747 30
0.0170598228	3742 30
0.0170561735	2246 39
0.0169857517	18 3890
0.0169569801	344 18
0.0169323262	32 868 30
0.0168898224	28 669 30
0.0168859040	3771 42
0.0167656596	32 3556 30
0.0167060083	27 1544 27 42
0.0166859996	507 18
0.0166690880	1423 30
0.0166415461	32 668 30
0.0166159421	32 1141 30
0.0166077968	425 42
0.0164705185	28 543
0.0164627941	145 30
0.0164481139	2316 39
0.0164468658	473 42
0.0163955172	3915 30
0.0163122565	588 42
0.0163036351	750 18
0.0162452108	315 30
0.0161079242	336 376
0.0160921034	1979 39
0.0160898224	32 1402 30
0.0160360809	28 102 30
0.0160360809	28 36 30
0.0159552303	922 18
0.0159323262	32 586 30
0.0159062716	917 30
0.0158898224	32 3851 30
0.0158898224	32 1949 30
0.0157670428	36 30
0.0157420891	47 2924
0.0156639942	317 25
0.0156624440	1131 30
0.0154654601	28 2674
0.0154629949	1090 39
0.0154135634	32 12 30
0.0153817423	574 376
0.0153770842	442 30
0.0152485879	32 183
0.0152027476	32 466 30
0.0151714976	32 1131 30
0.0151169929	3275 30
0.0150564891	32 171 30
0.0150360809	32 1129 30
0.0150048309	32 1417 30
0.0150048309	32 3614 30
0.0150048309	32 917 30
0.0149639146	542 39
0.0148898224	32 2102 18
0.0148898224	32 271 30
0.0148694143	32 259 30
0.0147826087	32 1042 30
0.0147785417	585 18
0.0147656596	32 3499 30
0.0147419929	555 30
0.0146463150	3453 30
0.0146407681	3848 376
0.0145871932	581 376
0.0145607140	2966 30
0.0144949907	1710 30
0.0144935176	868 30
0.0144069931	2538 30
0.0143932133	3450 18
0.0142930873	543 30
0.0142671860	18 4004
0.0141164328	625 42
0.0141150369	85 30
0.0140900342	905 18
0.0140730851	2623 42
0.0140564891	32 2869 30
0.0140564891	32 1192 30
0.0138898224	32 3762 30
0.0138190867	581 275
0.0137581219	1721 30
0.0137581219	9933 30
0.0136491404	575 42
0.0135941477	451 30
0.0134383346	18 3512
0.0134069931	1969 42
0.0133289786	512 18
0.0133190867	195 25
0.0130671623	1011 42
0.0130340324	481 42
0.0130338290	5 30
0.0130011775	759 30
0.0129033452	979 42
0.0126204635	3762 30
0.0125268417	1642 42
0.0123668403	606 30
0.0123622617	634 30
0.0122920031	601 18
0.0121290467	466 30
0.0109180629	435 18
