0.7145403643	2465
0.7143127416	7589
0.7139208491	9347
0.7107729848	1163
0.7100370050	2838
0.7090777588	1537
0.7083694005	2320
0.7078001354	9047
0.7077558304	12419
0.7072096706	6135
0.7060163733	7475
0.7036356041	6540
0.7034068891	4846
0.7033401321	7939
0.7032639715	1304
0.7031020930	11258
0.7029691082	15223
0.7029691082	7058
0.7029678581	1712
0.7028812527	1636
0.7028654705	3860
0.7028637465	4154
0.7028341223	3983
0.7023109360	8059
0.7022334129	4668
0.7021207917	12652
0.7018037063	2911
0.7018037063	2256
0.7017833727	10279
0.7012181490	6832
0.7011036683	970
0.7009297377	629
0.7009101222	784
0.7008306938	3684
0.7006207917	162
0.7004121176	7031
0.7001344676	4489
0.7001190215	7770
0.6999888100	2322
0.6999592101	384
0.6998545318	10741
0.6995826011	12080
0.6995826011	5524
0.6994751917	9539
0.6993887716	2213
0.6992839533	7994
0.6987734845	9259
0.6987734845	8933
0.6987734845	5910
0.6987734845	5069
0.6987734845	4958
0.6987734845	2627
0.6987734845	1645
0.6987734845	840
0.6987007527	3941
0.6986954643	207
0.6985417252	4913
0.6984305473	6874
0.6984305473	1816
0.6983849595	5071
0.6981389993	10229
0.6981389993	6596
0.6981389993	3049
0.6981389993	1750
0.6981389993	1548
0.6981194064	4877
0.6980502934	1562
0.6979941834	9580
0.6979941834	4811
0.6979941834	3858
0.6979612723	8752
0.6979612723	443
0.6979414162	8890
0.6978974761	4551
0.6977239130	11515
0.6977239130	6621
0.6977239130	1334
0.6975459781	941
0.6971533204	1637
0.6969453368	7804
0.6969453368	7683
0.6969453368	900
0.6968174024	2715
0.6967324959	1487
0.6967061895	4082
0.6965454219	3003
0.6961820703	1079
0.6960223419	342
0.6956655271	4505
0.6954774991	4963
0.6950399658	3182
0.6949521868	3318
0.6947775806	10326
0.6947716023	2235
0.6947011405	8682
0.6946615904	1814
0.6945483221	6724
0.6944221993	8463
0.6944143480	4072
0.6943914448	955
0.6941040601	11297
0.6936654718	1547
0.6936558521	2114
0.6933879512	6089
0.6932369142	2204
0.6931889538	907
0.6930478527	6587
0.6930366018	8336
0.6930366018	8129
0.6930366018	1363
0.6929507909	3963
0.6928155501	13976
0.6928077381	10724
0.6928077381	1490
0.6927800794	1479
0.6925565965	3898
0.6923302311	4422
0.6921405130	6605
0.6921357103	2484
0.6921357103	1089
0.6920967552	5612
0.6920557536	4553
0.6919281248	2043
0.6919140112	15545
0.6919140112	4151
0.6919140112	3503
0.6918569286	9970
0.6917991324	661
0.6916035980	413
0.6915710876	3837
0.6915117854	6790
0.6915004633	2281
0.6914076799	4785
0.6912032752	5141
0.6912032752	1461
0.6910893920	1941
0.6910692094	5165
0.6909264807	5509
0.6908018076	4561
0.6905659884	2217
0.6904900403	9800
0.6904619035	128
0.6903621091	10995
0.6902101074	967
0.6901369383	5574
0.6901336599	7758
0.6901220082	4630
0.6898827535	5729
0.6896133494	1826
0.6893097780	7929
0.6892987626	2000
0.6892062679	6585
0.6891952949	8236
0.6889679135	3214
0.6889679135	1844
0.6889679135	1323
0.6885848075	8294
0.6885749789	5607
0.6884439371	2150
0.6883720718	12094
0.6882107287	1943
0.6881864433	11056
0.6881864433	1413
0.6881864433	6157
0.6881173421	9437
0.6879922115	2744
0.6879922115	903
0.6879922115	186
0.6879650235	3326
0.6876680073	1409
0.6873594172	4074
0.6871104942	6109
0.6870300577	1074
0.6869750308	180
0.6868202419	111
0.6867695035	2406
0.6866145135	809
0.6866145135	15558
0.6865317695	4122
0.6865140186	8533
0.6865140186	4643
0.6864929485	557
0.6864637734	1519
0.6862503123	6236
0.6862013143	3792
0.6861874221	1830
0.6860716500	2197
0.6860505453	11446
0.6860278836	5017
0.6859838529	2002
0.6858413318	7271
0.6858124942	8909
0.6857445347	1007
0.6857407255	4527
0.6853741703	3088
0.6853361397	3774
0.6851602150	7472
0.6850996666	5277
0.6850902480	2567
0.6850069378	8337
0.6849451781	3416
0.6849034424	4262
0.6848694347	3516
0.6848365444	6682
0.6847996009	2522
0.6846746683	5262
0.6846262789	10352
0.6843509564	1755
0.6838231330	1173
0.6838186619	5465
0.6838186619	2859
0.6837976381	5382
0.6837744497	4622
0.6837716753	3457
0.6837158254	5398
0.6836662341	688
0.6836662341	4669
0.6836662341	4610
0.6836181952	11118
0.6835623133	7853
0.6835045173	12486
0.6830053418	3971
0.6829238290	2916
0.6829109188	6615
0.6829109188	1709
0.6828132385	4045
0.6827313704	9307
0.6826566865	1863
0.6826139454	11008
0.6825881054	3115
0.6825488275	11810
0.6824522913	976
0.6823480621	3188
0.6822837258	2461
0.6822277888	6462
0.6821615116	473
0.6820334602	3744
0.6820334602	1209
0.6819261722	314
0.6816773743	2987
0.6816173627	12580
0.6814103451	10864
0.6814033358	277
0.6813785144	5049
0.6813768003	843
0.6812218143	1640
0.6811377930	6505
0.6809946301	7098
0.6809149357	7349
0.6808416825	12195
0.6808416825	12194
0.6807372031	5013
0.6806965954	6133
0.6806859573	8191
0.6806859573	3379
0.6805705588	5611
0.6804569406	2226
0.6804569406	1724
0.6803573969	1545
0.6802080641	1839
0.6800212435	963
0.6799073441	8276
0.6799073441	6414
0.6797273990	7429
0.6796081203	7104
0.6795929409	2510
0.6795929409	6935
0.6795652537	3373
0.6795598946	5619
0.6795598946	3494
0.6794583474	8013
0.6791547329	862
0.6790411485	3622
0.6789396676	1746
0.6789288364	6305
0.6789190055	2703
0.6787564233	6268
0.6785230900	11557
0.6784999242	4907
0.6784757915	77
0.6783993978	7091
0.6783698277	1589
0.6783119590	2864
0.6782492884	9942
0.6781454334	3331
0.6781007674	11034
0.6779663172	7094
0.6777517782	6592
0.6776428411	2408
0.6776140412	842
0.6775469043	4784
0.6775009553	7319
0.6774369193	2386
0.6771804751	2275
0.6771694883	1491
0.6770557025	2012
0.6770488787	1704
0.6768365821	7978
0.6768365821	6392
0.6768365821	758
0.6764874496	10707
0.6764874496	5892
0.6764874496	4832
0.6764874496	1660
0.6763946458	5453
0.6762769985	4285
0.6762150353	3343
0.6761402351	4863
0.6760229380	3822
0.6760229380	2791
0.6759261856	3194
0.6758048464	7421
0.6757219751	2287
0.6756816745	3461
0.6755241383	4782
0.6754392751	517
0.6754179429	3713
0.6754179429	2519
0.6753594277	3109
0.6752806447	7873
0.6749020084	660
0.6748845969	3979
0.6748716779	6016
0.6748633945	1772
0.6748391027	951
0.6748221620	3769
0.6745671867	6338
0.6744577927	2216
0.6743166861	1866
0.6742911713	817
0.6742634890	4519
0.6740095361	5354
0.6737630614	5768
0.6737410023	5426
0.6736504718	6192
0.6734967189	5123
0.6734632918	7910
0.6731123025	4831
0.6727875508	3032
0.6724416575	1036
0.6724402449	5046
0.6724402449	4130
0.6724402449	3136
0.6724399809	1948
0.6722741906	7599
0.6721848758	1328
0.6721657654	3952
0.6721164263	8821
0.6720584008	5404
0.6720048243	3453
0.6719946587	6189
0.6719946587	5328
0.6719946587	3555
0.6718660786	757
0.6717514215	3183
0.6717367354	4865
0.6716625999	3185
0.6715730070	6993
0.6714142106	13401
0.6713758678	7352
0.6713758678	1506
0.6712756347	1417
0.6712261092	8798
0.6712261092	2899
0.6712209154	4408
0.6712127645	2089
0.6710509150	3493
0.6710405937	4401
0.6709942193	185
0.6705725802	1354
0.6704691167	4066
0.6703508789	1411
0.6703409550	4218
0.6699741628	3628
0.6697944575	1743
0.6696984962	1597
0.6696859585	2649
0.6696435049	2994
0.6692130336	5117
0.6689682391	4405
0.6689682391	3164
0.6689682391	3017
0.6687544187	2331
0.6687544187	648
0.6686933809	3845
0.6685520794	10120
0.6681377139	5214
0.6681179601	1892
0.6680382636	9009
0.6679395789	7756
0.6678541507	10641
0.6678541507	2659
0.6678541507	1738
0.6678541507	100
0.6678297244	2504
0.6675338452	5698
0.6675338452	3850
0.6674999229	891
0.6672970339	953
0.6672215752	298
0.6670035185	4400
0.6669562926	1097
0.6666124274	549
0.6664245825	5662
0.6663745941	5391
0.6663732302	4805
0.6663045063	8565
0.6662884669	5056
0.6662746125	1643
0.6662732302	1542
0.6662677728	4925
0.6661466652	4320
0.6661249643	229
0.6661229421	4883
0.6659557845	1327
0.6656494562	644
0.6656366490	3653
0.6656017291	3606
0.6655688266	5230
0.6655549085	325
0.6654306879	5189
0.6652365306	14
0.6651258934	5727
0.6650463195	7139
0.6650463195	6083
0.6648170137	884
0.6647401982	761
0.6647238079	2598
0.6646903073	14219
0.6646486523	1695
0.6643640212	3189
0.6643398368	3723
0.6641678804	7909
0.6641257168	2407
0.6640384362	2798
0.6639555824	3649
0.6638619900	1955
0.6638619900	318
0.6637452897	1064
0.6637180685	2853
0.6636133042	2757
0.6635600463	839
0.6635054821	2693
0.6631974534	1902
0.6626232790	7432
0.6623239575	1367
0.6622693177	3920
0.6619545467	3706
0.6617350311	7210
0.6617329154	4390
0.6616754509	590
0.6615885785	4429
0.6615258861	5773
0.6615186663	4195
0.6613059224	1113
0.6612828802	12847
0.6612622509	6144
0.6611463090	2804
0.6610512885	2313
0.6608114575	1314
0.6608013614	6520
0.6607153801	3129
0.6606719368	5248
0.6606141943	1153
0.6604564828	4286
0.6600889794	6038
0.6600889794	3384
0.6600769449	7885
0.6599332977	764
0.6598206626	2195
0.6597186850	1554
0.6594702617	1353
0.6594321423	6302
0.6591423868	1129
0.6591222805	4517
0.6590818022	4096
0.6589254654	52
0.6589254654	3834
0.6589254654	1255
0.6586753936	368
0.6586494135	5370
0.6585492055	5897
0.6583407620	3857
0.6583134460	3647
0.6583030557	1500
0.6583013546	49
0.6580783203	1174
0.6580702700	4335
0.6580702700	5467
0.6580402066	3107
0.6580023604	4384
0.6579501720	3688
0.6576833530	8
0.6576313874	3593
0.6574769013	9642
0.6571980956	4704
0.6571901266	956
0.6571606979	2985
0.6570599818	4950
0.6569556036	431
0.6568572765	6264
0.6568000508	1014
0.6567705587	2886
0.6566935415	2846
0.6565749085	3596
0.6564858504	1237
0.6564160166	6367
0.6563952623	3250
0.6563831645	299
0.6563739758	3938
0.6563638520	7573
0.6563638520	1989
0.6563638520	6689
0.6562790010	2739
0.6562470014	6674
0.6562248060	6113
0.6562086234	8828
0.6561613424	759
0.6559605653	2460
0.6557131544	4425
0.6554415231	4621
0.6554119061	2898
0.6553759690	5689
0.6553123651	1008
0.6551852016	7851
0.6551610733	6344
0.6551274938	3015
0.6549900006	1593
0.6549396879	1496
0.6548903650	960
0.6546837845	10690
0.6545802242	3726
0.6543329904	1345
0.6543316685	2099
0.6541329959	9896
0.6540870428	4041
0.6539688608	3813
0.6539389828	145
0.6538553457	4036
0.6538414475	8860
0.6538081544	619
0.6536810430	808
0.6536757955	653
0.6536301697	438
0.6536118502	1702
0.6536057561	2786
0.6535106648	4826
0.6534880980	3469
0.6531753122	1879
0.6531168935	5798
0.6526213624	4149
0.6525904038	307
0.6525692093	8904
0.6525529167	8341
0.6520333274	7171
0.6520107941	4436
0.6519674056	3556
0.6519193265	3830
0.6517779733	2211
0.6517643924	5099
0.6517299063	751
0.6516589012	1112
0.6514541533	6014
0.6511528160	7436
0.6511528160	6050
0.6508725548	3524
0.6504960510	5983
0.6504651901	1855
0.6502283616	6343
0.6498668424	2124
0.6495711397	1324
0.6494933603	1131
0.6494478035	245
0.6494228429	11197
0.6494107438	3502
0.6493867198	9016
0.6493519805	2754
0.6492778846	3964
0.6492379476	1432
0.6490964650	9153
0.6490137592	587
0.6487611042	1880
0.6486029439	1418
0.6485371606	2573
0.6485098215	1326
0.6482865092	6440
0.6480054693	3969
0.6478896247	356
0.6477206406	1275
0.6476746788	2239
0.6475784728	5316
0.6474911519	3515
0.6473767743	4472
0.6473718377	5385
0.6471327735	5815
0.6470414315	9894
0.6470327735	13584
0.6470327735	9249
0.6469046261	8968
0.6468676780	2632
0.6467910648	1454
0.6465884913	1107
0.6465058026	6743
0.6465014193	4029
0.6463929547	290
0.6463541284	13070
0.6462397478	3570
0.6460731179	1117
0.6460380912	3948
0.6459782570	3274
0.6459247469	367
0.6459186724	734
0.6458008287	6504
0.6457784660	6295
0.6456300279	3505
0.6455477709	1907
0.6454361493	1186
0.6454287082	3975
0.6453442345	2624
0.6453281511	1366
0.6452443864	4574
0.6450826109	2648
0.6450472854	3585
0.6450049410	1853
0.6448855443	4822
0.6448809503	2068
0.6447509127	3291
0.6446429208	582
0.6445362844	3659
0.6444760151	14223
0.6444674907	4306
0.6444559214	1032
0.6443181838	1621
0.6440532164	3745
0.6437840167	5534
0.6436868451	3543
0.6436491202	3970
0.6435669091	1319
0.6434923489	2093
0.6434865607	5401
0.6433405217	3114
0.6433127510	5419
0.6428448239	4207
0.6428363628	917
0.6428063137	7385
0.6427565925	14232
0.6427565925	9233
0.6427565925	2116
0.6427454509	3892
0.6426271940	1710
0.6425101513	1725
0.6422066497	149
0.6421733318	1480
0.6421688335	3655
0.6421110841	5850
0.6417503303	4503
0.6416911450	5324
0.6415601013	2546
0.6412920747	1187
0.6411913817	5572
0.6410518023	718
0.6410505835	2155
0.6409115175	3896
0.6408382045	1170
0.6408045932	3160
0.6408020470	5021
0.6408020470	6134
0.6408020470	5020
0.6407148443	5506
0.6405958265	3163
0.6405660995	543
0.6402890460	952
0.6402839264	8554
0.6401114385	3666
0.6395635028	1835
0.6395104669	5673
0.6391226256	1922
0.6390528804	7272
0.6390457051	848
0.6385323235	1884
0.6385126859	4721
0.6384988812	1256
0.6383922447	1034
0.6382035482	6947
0.6380894942	1137
0.6380011756	2530
0.6377558491	1310
0.6376741841	4921
0.6375869393	6243
0.6374921171	4076
0.6374706946	3609
0.6374376596	2097
0.6373546162	857
0.6370860600	4659
0.6368592889	197
0.6368377601	4703
0.6368174063	238
0.6367945117	3243
0.6367225758	3783
0.6365805152	4161
0.6365481443	134
0.6364990311	3809
0.6364342582	2538
0.6363183832	1708
0.6362479133	3692
0.6362434346	2299
0.6360220734	10787
0.6359813884	816
0.6359721747	1083
0.6358342140	1370
0.6356315412	2206
0.6356089235	3156
0.6355706946	7611
0.6354106956	2350
0.6352826017	5731
0.6351443217	5861
0.6351424779	3195
0.6350850026	3246
0.6349929694	4970
0.6348753651	507
0.6348246348	1071
0.6344369062	4554
0.6342312252	2717
0.6341527022	7647
0.6340735421	564
0.6339961251	2503
0.6338574745	555
0.6338457159	2017
0.6337945174	1703
0.6336595044	4929
0.6335638711	1130
0.6335006441	230
0.6334477862	9933
0.6332126350	5107
0.6332050699	725
0.6331049163	3441
0.6330382009	6528
0.6330017119	2261
0.6330017119	1423
0.6330017119	4104
0.6328703888	580
0.6328599087	1862
0.6327261437	3780
0.6325348608	1730
0.6324132181	867
0.6323340636	13957
0.6323056714	3810
0.6322502467	1591
0.6320957020	176
0.6317415450	2966
0.6315558532	4404
0.6314017768	2555
0.6312163315	5532
0.6312163315	3674
0.6312163315	3530
0.6312163315	961
0.6311020719	1090
0.6310647063	818
0.6310438333	429
0.6310241411	2427
0.6307447966	2748
0.6304577633	4144
0.6304320062	6820
0.6303731736	2421
0.6301601417	3928
0.6298301336	5969
0.6298195148	5644
0.6297746040	1483
0.6295466521	1694
0.6291842028	161
0.6291416987	1093
0.6289383817	2257
0.6288296159	1061
0.6286991050	676
0.6285704040	1749
0.6283955894	2319
0.6282634031	4508
0.6281725279	3
0.6281668298	3903
0.6280991746	4137
0.6278379413	1277
0.6277179558	7886
0.6277179558	5433
0.6276559510	3800
0.6275732913	375
0.6275496752	4542
0.6275309511	2751
0.6273719706	4058
0.6273205894	5707
0.6272814940	6831
0.6271382439	6646
0.6271382439	4163
0.6270720620	5643
0.6270720620	1873
0.6270720620	3171
0.6268150542	3040
0.6267876426	1492
0.6267550718	731
0.6267546790	12044
0.6267135809	6101
0.6266495709	2451
0.6263526223	15068
0.6263526223	4739
0.6263498445	9755
0.6262155636	7243
0.6262155636	4759
0.6262155636	2963
0.6262155636	2495
0.6262155636	6342
0.6262143455	7322
0.6261100118	811
0.6260831195	3843
0.6258817212	7083
0.6258367043	2185
0.6257464310	3623
0.6255254907	83
0.6254722352	886
0.6254037599	5364
0.6252981756	1072
0.6252828141	4337
0.6252192939	1267
0.6251418262	3275
0.6248745780	4323
0.6246532479	3764
0.6245417799	950
0.6242874596	5906
0.6242182906	85
0.6241849819	3084
0.6241807925	4238
0.6237189507	2251
0.6236083419	9127
0.6236035259	3802
0.6235797172	6139
0.6235517635	1933
0.6234701926	6526
0.6234187974	4314
0.6233359825	1291
0.6230625011	23
0.6229462263	6900
0.6228837373	1944
0.6227728800	3740
0.6227560021	1969
0.6227113900	412
0.6226805685	6220
0.6226087826	3885
0.6224679334	922
0.6224549896	577
0.6223944538	17597
0.6223944538	4872
0.6223452076	902
0.6223042451	768
0.6222750104	3592
0.6221444133	17585
0.6221444133	14147
0.6220232656	795
0.6220183153	3652
0.6220126545	3829
0.6219845145	3534
0.6217795008	1914
0.6217557686	7102
0.6217358997	4083
0.6217068049	5
0.6215912857	3778
0.6211874197	873
0.6211874197	4983
0.6211777646	1771
0.6211570152	1192
0.6211247368	4705
0.6211133705	2818
0.6210873660	3714
0.6210830784	3548
0.6210456740	1141
0.6209083393	2982
0.6208729542	1067
0.6207812268	794
0.6206630977	4119
0.6205955838	115
0.6203973773	7740
0.6203854627	15859
0.6200762484	3799
0.6197774341	4120
0.6197107263	109
0.6196179973	7903
0.6195590049	7073
0.6195497295	6211
0.6193755209	732
0.6193371740	1322
0.6193006859	4317
0.6193006859	1952
0.6192862604	12740
0.6191226722	2919
0.6189548264	3174
0.6189044160	292
0.6188799021	4617
0.6188054375	7211
0.6187705363	10922
0.6187049896	3945
0.6186841000	17359
0.6186442589	3781
0.6185178479	5052
0.6185178479	1679
0.6184781413	2159
0.6184627485	6232
0.6183831607	2263
0.6183831607	643
0.6181721876	6426
0.6181245278	8943
0.6181188350	3504
0.6180465687	2314
0.6179758434	3791
0.6179625280	1159
0.6179047036	5203
0.6178334735	3217
0.6178161007	909
0.6178161007	350
0.6177846640	3679
0.6176891172	10811
0.6176872346	13913
0.6176623938	7053
0.6176476107	4689
0.6175951841	380
0.6175618218	10861
0.6175618218	9627
0.6175134894	14866
0.6174870035	15483
0.6174870035	8113
0.6174330566	6116
0.6174299027	4294
0.6173982750	8328
0.6173120705	1391
0.6173051557	1841
0.6173032691	163
0.6172978666	3573
0.6171673357	4945
0.6170607401	4316
0.6169684731	280
0.6169351981	3961
0.6168831607	1717
0.6167885457	3798
0.6167010174	6137
0.6167010174	303
0.6166840613	5505
0.6165622539	697
0.6164385633	1987
0.6163694162	1134
0.6163622224	7659
0.6162745999	18363
0.6161499555	6170
0.6160224017	1815
0.6159579610	4993
0.6157725447	6525
0.6157537453	2393
0.6156465093	9343
0.6156462371	6702
0.6156025574	442
0.6155559246	3614
0.6153913501	15105
0.6151844836	596
0.6150272118	1721
0.6149351981	1959
0.6148900857	10980
0.6148707550	4748
0.6148517612	2695
0.6148160869	5061
0.6147653933	3899
0.6147094335	62
0.6145982538	1620
0.6145256008	6922
0.6144665475	3719
0.6143920998	3890
0.6143168273	860
0.6141761888	4237
0.6141314505	433
0.6138167474	5642
0.6138017433	4191
0.6137164940	171
0.6135323316	4977
0.6134848691	1747
0.6134028287	7723
0.6133846180	7942
0.6133088542	584
0.6132551185	3844
0.6132261455	5648
0.6131192056	6325
0.6131192056	551
0.6131141148	1722
0.6131096183	12773
0.6130643829	379
0.6130581188	1303
0.6130533513	10054
0.6129371740	3943
0.6129093095	5473
0.6128474417	14613
0.6128405906	3925
0.6128383502	13126
0.6128066669	2726
0.6126674949	10774
0.6126674949	7859
0.6126674949	4663
0.6126674949	3846
0.6126126981	3875
0.6125651659	9916
0.6125617052	7765
0.6125104524	1278
0.6123515973	1949
0.6121623926	10868
0.6120538825	1211
0.6119524617	931
0.6118656129	1031
0.6117906727	7447
0.6117114183	1104
0.6116814613	807
0.6116663940	927
0.6116292735	4867
0.6116144581	2078
0.6115923886	3965
0.6115678462	6070
0.6114633502	9358
0.6112136558	14630
0.6111806577	3842
0.6111528306	1065
0.6110981424	1555
0.6108429319	7864
0.6108150546	4304
0.6108006291	1136
0.6107983867	481
0.6107043653	6303
0.6102280262	6676
0.6101773425	9126
0.6101266705	3707
0.6099824290	223
0.6099412238	2906
0.6098963679	1574
0.6098917582	4249
0.6098092511	3702
0.6097390864	328
0.6096885832	1449
0.6096629688	868
0.6095610421	7278
0.6095553417	17614
0.6095553417	1581
0.6095042917	2559
0.6093910622	1190
0.6092930728	7451
0.6092874621	2375
0.6091752086	10680
0.6091305851	2718
0.6090950795	4002
0.6090286957	3042
0.6090187545	4873
0.6090187545	1633
0.6089182190	15301
0.6087999889	5510
0.6087599080	234
0.6087532483	1744
0.6085330517	14082
0.6084271528	5533
0.6084271528	4650
0.6084165693	102
0.6084015565	14631
0.6084015565	4061
0.6083583203	1888
0.6083103425	5539
0.6082657205	5043
0.6082636689	569
0.6082636689	9019
0.6082206348	7954
0.6082157949	1175
0.6081802239	4414
0.6081616018	16676
0.6080910447	18788
0.6079691411	5896
0.6079111398	31
0.6078750893	2107
0.6078173017	3790
0.6078169840	3762
0.6076756917	7
0.6076756917	6191
0.6076756917	5500
0.6076756917	746
0.6076159616	4184
0.6075474113	8340
0.6075038141	14484
0.6074787088	6271
0.6074241942	1617
0.6073822075	6067
0.6073014361	6225
0.6072529233	15302
0.6072317030	218
0.6072242153	924
0.6071702944	1371
0.6071533412	14068
0.6071424583	3511
0.6070670974	118
0.6070368278	449
0.6069353041	18825
0.6069124267	14420
0.6068911758	4670
0.6068911758	3847
0.6068726081	844
0.6068726081	4841
0.6068658294	11544
0.6068585884	6609
0.6067854416	5495
0.6067715201	3870
0.6067375082	491
0.6066026310	14612
0.6064263570	7341
0.6064111639	20630
0.6062583139	281
0.6061040246	5901
0.6060212781	5537
0.6059768104	4537
0.6059505047	2166
0.6059059945	226
0.6058553607	772
0.6056180403	6764
0.6055931219	344
0.6054765927	16139
0.6054765927	15143
0.6054444222	7656
0.6054287802	402
0.6054060865	3852
0.6053658451	498
0.6053052760	3956
0.6052537510	872
0.6052107662	13856
0.6052107662	1760
0.6051088407	8516
0.6051088407	1481
0.6050086368	9333
0.6050038947	4081
0.6050020122	6940
0.6049563530	560
0.6049385827	11568
0.6048222624	820
0.6048054234	7775
0.6048007406	432
0.6047495153	1250
0.6047221824	1092
0.6046181829	11276
0.6046181829	7329
0.6046181829	2699
0.6045976349	894
0.6045724088	6816
0.6045128948	667
0.6044884734	3540
0.6044522392	6690
0.6043893159	3824
0.6043601771	6659
0.6042646161	2623
0.6041641250	3532
0.6041463182	11526
0.6041363986	9427
0.6041074076	1736
0.6040828808	4201
0.6040534931	5597
0.6039943379	5523
0.6039538640	232
0.6039338967	20590
0.6039338967	3909
0.6038853433	3670
0.6038378950	13032
0.6038378950	5684
0.6038173017	4523
0.6038081995	6212
0.6037849362	5841
0.6037495164	6738
0.6035303247	5728
0.6034981002	1993
0.6034715617	4651
0.6034431444	3306
0.6034236524	17752
0.6032481073	3668
0.6032458145	875
0.6032449197	2732
0.6031918514	9914
0.6031807440	5411
0.6031092716	1786
0.6030209992	2044
0.6030209992	7452
0.6029812314	2218
0.6029328518	1726
0.6028553016	492
0.6028193171	4496
0.6027710462	2944
0.6027709152	1284
0.6027002872	1437
0.6025075864	1121
0.6024357643	319
0.6024230417	1369
0.6024160350	6794
0.6023987277	103
0.6023526035	2439
0.6022879117	343
0.6022655117	5646
0.6020457526	3565
0.6019744659	7002
0.6018389472	391
0.6017768438	3977
0.6017357878	8745
0.6017054866	2988
0.6016951896	364
0.6016951896	11404
0.6016457352	6761
0.6016242523	14067
0.6015972989	274
0.6015888847	1289
0.6015553952	4322
0.6013987277	5104
0.6013718940	8940
0.6013193171	3563
0.6012216249	4204
0.6012181929	2229
0.6011990755	5302
0.6011896723	4359
0.6009618095	6469
0.6009103970	2869
0.6008614935	2880
0.6007748539	3884
0.6007748539	16908
0.6007748539	13851
0.6007748539	7858
0.6007748539	4301
0.6007748539	3000
0.6007748539	2076
0.6007748539	1946
0.6007748539	1375
0.6007320610	5016
0.6007302954	10880
0.6005953965	4089
0.6005406032	3377
0.6003860872	13588
0.6003860872	7614
0.6003860872	68
0.6003122026	9584
0.6002058877	4631
0.6002058877	994
0.6001233759	2792
0.6001015217	15371
0.6000837191	249
0.6000529135	3770
0.5999839866	4762
0.5999636748	2708
0.5999506062	5944
0.5999158798	18772
0.5999152528	5879
0.5999074901	2207
0.5998440124	2246
0.5997899390	2066
0.5996355161	855
0.5995877394	625
0.5994701783	4052
0.5994439610	7437
0.5993224218	3696
0.5993184503	3501
0.5992632847	2625
0.5992413289	3235
0.5992299928	14227
0.5991924577	11463
0.5991007191	9541
0.5990611834	2025
0.5989385701	5482
0.5987746304	6750
0.5985758753	2273
0.5985095699	2696
0.5984667904	5981
0.5984190698	4615
0.5983734747	248
0.5983393574	13040
0.5982211736	5888
0.5981920983	1150
0.5981090192	1918
0.5981090192	1422
0.5981090192	7809
0.5981090192	3408
0.5980254883	440
0.5979592962	426
0.5978836207	3715
0.5978776386	6340
0.5978626963	7751
0.5978515861	273
0.5978230798	1455
0.5977662235	6387
0.5977363944	7441
0.5977127225	4037
0.5975314629	4067
0.5974681395	4086
0.5974290099	6552
0.5972821940	4030
0.5972167992	4491
0.5971615745	4428
0.5971256501	946
0.5970891392	4135
0.5970375172	7700
0.5970375172	5178
0.5970375172	8116
0.5970375172	3430
0.5970375172	1571
0.5970375172	374
0.5969686184	18773
0.5969235819	4064
0.5969235044	3992
0.5968193800	4707
0.5968142033	16209
0.5968026736	1040
0.5967900890	552
0.5967794879	2160
0.5967599154	14513
0.5967186324	46
0.5966203557	1283
0.5965842325	4538
0.5965786215	2316
0.5965523103	4028
0.5964974088	3734
0.5964974088	3087
0.5964974088	7760
0.5964974088	2288
0.5964707229	4343
0.5964296786	1408
0.5963946456	4594
0.5963090878	1298
0.5961838327	2242
0.5959952297	14736
0.5959952297	12214
0.5959952297	10708
0.5959952297	6485
0.5959952297	5064
0.5959952297	2759
0.5959952297	2725
0.5959952297	6644
0.5959952297	3759
0.5959816818	8929
0.5959790101	3234
0.5959051838	4113
0.5959022299	1011
0.5958168855	10793
0.5956330977	6411
0.5955189926	1840
0.5954559532	9639
0.5953766378	5581
0.5953136499	1578
0.5952552613	3268
0.5952500278	2952
0.5952471224	5584
0.5952204900	5418
0.5950331231	1053
0.5948955058	3060
0.5948046205	144
0.5947833290	3739
0.5947644821	1719
0.5946563700	3233
0.5946563700	295
0.5946245268	973
0.5945044972	8475
0.5945006218	1927
0.5944800716	647
0.5944238336	5373
0.5944238336	5057
0.5943985529	6194
0.5943505249	3712
0.5942733735	3914
0.5942549289	3616
0.5942452557	932
0.5942254994	2534
0.5941870942	451
0.5941288048	3030
0.5940830184	15922
0.5940728193	5237
0.5940556639	1804
0.5940327621	8377
0.5940327621	5742
0.5938976205	12
0.5938936508	9944
0.5938936508	3605
0.5938936508	2658
0.5938936508	1867
0.5938936508	1351
0.5938936508	11470
0.5938936508	8411
0.5938936508	837
0.5938936508	220
0.5938257005	1010
0.5938229667	4916
0.5938229667	1832
0.5938229667	802
0.5937878418	2014
0.5937845614	88
0.5937624167	2505
0.5936513149	4004
0.5936374628	678
0.5935853311	7390
0.5935148831	503
0.5931698414	2326
0.5931515291	1017
0.5931030677	4053
0.5930719578	7446
0.5930719578	9010
0.5930703174	1325
0.5930558466	9785
0.5930148017	7927
0.5929051838	3793
0.5928940013	1551
0.5928904214	3447
0.5928618178	4507
0.5928417992	1402
0.5928122624	2
0.5927268654	91
0.5927260711	5661
0.5925956729	2176
0.5925329803	3908
0.5924517155	5520
0.5923894050	1829
0.5923635844	7493
0.5921958154	2773
0.5921596351	15326
0.5920097419	2338
0.5920092087	6013
0.5919374214	6891
0.5918336954	445
0.5917722453	4487
0.5917506287	396
0.5917266468	2572
0.5917266468	1394
0.5917266468	4802
0.5917266468	2889
0.5916968046	253
0.5916366140	3450
0.5915950258	11663
0.5915627556	1268
0.5914806639	3526
0.5914256935	312
0.5912871834	6667
0.5912710111	9097
0.5912097363	1979
0.5909616130	1735
0.5909332888	8984
0.5909151908	4959
0.5908539005	2865
0.5907969760	1301
0.5907930651	4010
0.5907450070	635
0.5905055986	4241
0.5904424785	4482
0.5903723198	5511
0.5903610630	4140
0.5901982843	10078
0.5901982843	10764
0.5901982843	6206
0.5901982843	5813
0.5901982843	5161
0.5901982843	1741
0.5901982843	1318
0.5901982843	1238
0.5901982843	918
0.5901180771	2518
0.5900216729	4638
0.5899946408	3966
0.5898641989	4654
0.5897892193	427
0.5897180034	892
0.5896951730	588
0.5896386239	17632
0.5895892193	466
0.5895455690	17
0.5895401908	310
0.5892187711	18205
0.5891534847	316
0.5889073003	8778
0.5889073003	1673
0.5888656509	1628
0.5887940381	3758
0.5887331098	4261
0.5885342227	2777
0.5884884262	708
0.5882099371	4259
0.5882010804	544
0.5881737620	689
0.5881394654	5887
0.5879874522	545
0.5878037891	173
0.5877070856	82
0.5876054300	14024
0.5876054300	8956
0.5876054300	8855
0.5876054300	6366
0.5876054300	6219
0.5876054300	5372
0.5876054300	3016
0.5876054300	1535
0.5876054300	1427
0.5876054300	1400
0.5876054300	706
0.5876054300	489
0.5876054300	166
0.5874631877	1020
0.5874021617	2989
0.5872213255	7277
0.5871444817	3866
0.5869879759	21
0.5868595213	4697
0.5867945244	15102
0.5865956763	4075
0.5863493569	2360
0.5862521044	411
0.5861790893	340
0.5861223995	3889
0.5860516953	3495
0.5858981754	3814
0.5858981754	1305
0.5858981754	1233
0.5858981754	1206
0.5858981754	41
0.5857456432	4035
0.5857317736	14952
0.5857317736	14487
0.5857317736	14036
0.5857317736	12186
0.5857317736	9091
0.5857317736	8576
0.5857317736	7170
0.5857317736	5878
0.5857317736	5438
0.5857317736	5137
0.5857317736	4724
0.5857317736	4276
0.5857317736	4263
0.5857317736	3993
0.5857317736	3240
0.5857317736	1806
0.5857317736	1313
0.5857317736	984
0.5857317736	624
0.5857317736	122
0.5857317736	8042
0.5857317736	6992
0.5857120017	4011
0.5856363351	5894
0.5855958809	2674
0.5854510596	845
0.5854011011	3915
0.5852037832	3704
0.5851989838	2605
0.5851989838	1923
0.5851989838	4944
0.5851989838	3321
0.5851989838	2811
0.5851989838	1701
0.5850001342	518
0.5848837192	3982
0.5848514556	6554
0.5847920412	7348
0.5847920412	2372
0.5847185205	656
0.5842118216	1501
0.5842055281	410
0.5841897299	1657
0.5841662213	3874
0.5841322847	395
0.5840645212	7178
0.5839374306	1464
0.5839039991	1042
0.5838150734	6309
0.5834495616	205
0.5834236760	251
0.5832564939	6817
0.5832564939	4375
0.5832486593	3150
0.5831178305	1016
0.5829820778	4751
0.5828405115	6713
0.5826317782	4468
0.5825583643	4788
0.5825583643	2067
0.5825157082	3960
0.5824931549	5459
0.5823630267	627
0.5822938432	34
0.5821851932	14626
0.5821418809	3788
0.5820709926	18361
0.5820289882	2681
0.5820156384	11335
0.5820156384	9504
0.5820156384	7085
0.5820156384	6468
0.5820156384	4229
0.5820156384	2215
0.5819601588	4014
0.5818089977	19354
0.5817910814	315
0.5816942499	5982
0.5815590811	1182
0.5814089639	6098
0.5812507325	37
0.5809574406	2646
0.5809434644	2446
0.5809352632	2600
0.5808357254	12592
0.5808357254	7222
0.5805297997	501
0.5802127279	4974
0.5801820455	3949
0.5800955097	345
0.5798993419	2614
0.5798419399	3661
0.5796268552	17683
0.5795659322	15162
0.5795659322	5682
0.5795659322	3955
0.5795659322	3319
0.5794918535	7131
0.5792647008	4070
0.5792422972	3736
0.5792422972	3550
0.5791933618	3937
0.5791933618	10640
0.5791933618	3989
0.5791933618	701
0.5791825639	1023
0.5791563015	4528
0.5791543175	1336
0.5790853993	4254
0.5789494433	4258
0.5789494433	650
0.5788867836	15477
0.5788867836	6355
0.5788867836	5579
0.5788867836	4040
0.5788867836	3312
0.5788867836	3231
0.5788867836	2524
0.5788867836	64
0.5786859575	10213
0.5785772110	195
0.5785514054	3851
0.5785221197	6254
0.5784114840	3680
0.5783750846	1038
0.5783190801	4920
0.5782397142	1172
0.5781155818	2795
0.5780799269	183
0.5780480434	7473
0.5780480434	4483
0.5780480434	3665
0.5780480434	2418
0.5780480434	2392
0.5779956728	3512
0.5779013726	1332
0.5779013726	10544
0.5779013726	8333
0.5779013726	6047
0.5779013726	2523
0.5779013726	2198
0.5779013726	1088
0.5778843745	19687
0.5778843745	10583
0.5778843745	9151
0.5778843745	8994
0.5778843745	8482
0.5778843745	7983
0.5778843745	7540
0.5778843745	7335
0.5778843745	1797
0.5778843745	957
0.5778843745	73
0.5777513137	4765
0.5771149906	981
0.5770609089	1510
0.5770443218	4696
0.5770269134	4060
0.5769422811	9594
0.5769229888	4891
0.5768616467	5596
0.5768616467	5349
0.5768441335	4166
0.5768037976	3728
0.5767955783	152
0.5767724389	2252
0.5765222240	8768
0.5765222240	5503
0.5765222240	2459
0.5765222240	1009
0.5765222240	949
0.5765222240	714
0.5765222240	15761
0.5765222240	10323
0.5765222240	8995
0.5765222240	7846
0.5765222240	6779
0.5765222240	5968
0.5765222240	5010
0.5765222240	4886
0.5765222240	4700
0.5765222240	4303
0.5765222240	3625
0.5765222240	1699
0.5765222240	221
0.5765222240	204
0.5764532170	4511
0.5764532170	2616
0.5764532170	1624
0.5764346083	20604
0.5764346083	10931
0.5764346083	9389
0.5764346083	9114
0.5764346083	6579
0.5764346083	6551
0.5764346083	5078
0.5764346083	4956
0.5764346083	1362
0.5764325027	3152
0.5760657674	13272
0.5760657674	9323
0.5760127166	4838
0.5758543781	521
0.5757653577	3095
0.5757479894	6235
0.5757051455	8346
0.5755716458	905
0.5755052259	11168
0.5755052259	11090
0.5755052259	8408
0.5755052259	4558
0.5755052259	3190
0.5755052259	15012
0.5755052259	13521
0.5755052259	11968
0.5755052259	9855
0.5755052259	9349
0.5755052259	8838
0.5755052259	8787
0.5755052259	8692
0.5755052259	8674
0.5755052259	8062
0.5755052259	7476
0.5755052259	7442
0.5755052259	7014
0.5755052259	6912
0.5755052259	6678
0.5755052259	6565
0.5755052259	6322
0.5755052259	6261
0.5755052259	5911
0.5755052259	5848
0.5755052259	5845
0.5755052259	5501
0.5755052259	5405
0.5755052259	5264
0.5755052259	5256
0.5755052259	5145
0.5755052259	4825
0.5755052259	4501
0.5755052259	3913
0.5755052259	3467
0.5755052259	3283
0.5755052259	2349
0.5755052259	1568
0.5755052259	1140
0.5755052259	971
0.5755052259	96
0.5754773385	487
0.5753017189	2599
0.5751561955	4112
0.5751526666	7856
0.5751526666	5332
0.5751217795	5490
0.5750539324	3705
0.5748905543	3895
0.5748509327	1204
0.5748445939	606
0.5748199812	4353
0.5747343834	4852
0.5745602798	4549
0.5745602798	2440
0.5745602798	14266
0.5745602798	11844
0.5745602798	9467
0.5745602798	7506
0.5745602798	5885
0.5745602798	4583
0.5745602798	1315
0.5745602798	1309
0.5745602798	721
0.5745416841	2622
0.5744573127	259
0.5741481193	252
0.5739624917	8869
0.5739179592	18621
0.5739179592	13860
0.5739179592	11658
0.5739179592	10599
0.5739179592	9904
0.5739179592	9312
0.5739179592	8983
0.5739179592	8624
0.5739179592	8115
0.5739179592	7699
0.5739179592	7433
0.5739179592	7193
0.5739179592	7113
0.5739179592	6890
0.5739179592	6889
0.5739179592	6824
0.5739179592	6784
0.5739179592	6705
0.5739179592	6453
0.5739179592	6401
0.5739179592	5472
0.5739179592	4309
0.5739179592	4296
0.5739179592	3856
0.5739179592	3827
0.5739179592	3465
0.5739179592	3147
0.5739179592	2785
0.5739179592	2758
0.5739179592	2752
0.5739179592	2665
0.5739179592	2201
0.5739179592	1037
0.5739179592	947
0.5739179592	719
0.5738498076	4239
0.5736890791	1631
0.5736851376	1809
0.5736763904	182
0.5736487396	3797
0.5735686287	3402
0.5735686287	3209
0.5733173517	669
0.5731496920	831
0.5730307879	474
0.5729824459	1224
0.5728853141	4427
0.5728698031	6298
0.5728163603	26
0.5727867964	3219
0.5726120657	4138
0.5725743288	879
0.5725602459	4584
0.5724359598	3974
0.5723632452	890
0.5721629049	4203
0.5720299961	6823
0.5719542909	997
0.5717978635	61
0.5717455455	5187
0.5717455455	2678
0.5717455455	1893
0.5717455455	53
0.5717455455	4136
0.5717338703	3560
0.5717338703	3027
0.5717338703	993
0.5714698157	184
0.5712886667	11044
0.5711931626	3699
0.5711931626	2569
0.5711931626	1392
0.5711931626	437
0.5711931626	8302
0.5711931626	263
0.5711715547	4101
0.5711715547	3777
0.5710047980	2826
0.5708661657	671
0.5707485731	3695
0.5706974308	3304
0.5702234879	3651
0.5700151668	3135
0.5699932590	615
0.5698919211	1286
0.5698739089	113
0.5696999434	3507
0.5696159557	139
0.5694669061	4673
0.5694104473	3773
0.5694104473	3396
0.5693593996	1288
0.5693375729	1590
0.5693110689	6622
0.5691902437	3998
0.5691778149	4509
0.5687907391	19860
0.5687136320	6311
0.5687046343	203
0.5686900760	435
0.5686856369	1899
0.5685840037	38
0.5685355912	3583
0.5683333536	3587
0.5681644132	5794
0.5681644132	3558
0.5681644132	3127
0.5681644132	1528
0.5681644132	1516
0.5680105297	2098
0.5679544690	461
0.5679481015	7069
0.5677623464	3771
0.5677375116	3995
0.5676345189	897
0.5676011155	2423
0.5674411770	9020
0.5672962342	17295
0.5672712673	3990
0.5671724856	575
0.5665311034	5251
0.5664724202	14123
0.5664724202	10572
0.5664724202	10125
0.5664724202	7732
0.5664724202	7658
0.5664724202	7376
0.5664724202	7155
0.5664724202	6683
0.5664724202	6383
0.5664724202	5762
0.5664724202	4063
0.5664724202	3553
0.5664724202	2380
0.5664724202	1796
0.5664724202	12382
0.5664724202	9737
0.5664676535	1970
0.5664112093	2136
0.5663710798	13917
0.5663710798	11420
0.5663710798	10622
0.5663710798	9593
0.5663710798	8295
0.5663710798	7165
0.5663710798	6722
0.5663710798	6691
0.5663710798	6492
0.5663710798	6329
0.5663710798	6165
0.5663710798	6081
0.5663710798	5904
0.5663710798	5464
0.5663710798	4763
0.5663710798	4685
0.5663710798	4529
0.5663710798	4391
0.5663710798	4327
0.5663710798	3891
0.5663710798	3187
0.5663710798	3131
0.5663710798	3010
0.5663710798	2851
0.5663710798	2549
0.5663710798	978
0.5663710798	9017
0.5663710798	7172
0.5663710798	6489
0.5663710798	1675
0.5663710798	1577
0.5663710798	1260
0.5663710798	1160
0.5663710798	838
0.5663710798	261
0.5663483263	3787
0.5663166634	178
0.5661594667	14077
0.5661594667	10483
0.5661594667	10231
0.5661594667	9869
0.5661594667	9490
0.5661594667	9238
0.5661594667	9018
0.5661594667	8656
0.5661594667	7921
0.5661594667	7404
0.5661594667	7398
0.5661594667	7266
0.5661594667	6909
0.5661594667	6680
0.5661594667	6394
0.5661594667	6388
0.5661594667	6379
0.5661594667	6111
0.5661594667	5352
0.5661594667	4933
0.5661594667	4752
0.5661594667	4593
0.5661594667	4265
0.5661594667	3738
0.5661594667	3433
0.5661594667	2856
0.5661594667	2404
0.5661594667	2110
0.5661594667	2045
0.5661594667	1753
0.5661594667	1707
0.5661594667	1227
0.5661594667	1145
0.5661594667	1076
0.5661594667	870
0.5661594667	638
0.5661594667	289
0.5660800801	2686
0.5659452184	1077
0.5659040548	5412
0.5658133530	360
0.5655007901	2033
0.5654449518	8736
0.5650633194	3400
0.5648579802	2096
0.5648206487	4723
0.5647267393	1006
0.5645879204	126
0.5644963785	3599
0.5644419103	4307
0.5642572838	90
0.5641938610	421
0.5641643253	589
0.5641585965	1595
0.5641332017	7173
0.5641041344	4156
0.5638780037	5851
0.5638780037	4526
0.5638780037	2237
0.5638780037	920
0.5638203106	8262
0.5636928316	861
0.5634662836	3323
0.5633856849	2357
0.5632523136	119
0.5630853482	3687
0.5630543303	3338
0.5630543303	279
0.5630498065	5143
0.5630306781	5692
0.5625460384	674
0.5624006548	755
0.5622770130	101
0.5621336457	418
0.5620676535	3968
0.5619491772	326
0.5618372843	16263
0.5618305892	581
0.5616790522	1240
0.5616776225	3729
0.5614305208	6480
0.5614305208	6511
0.5614176535	634
0.5612308531	36
0.5611478567	2102
0.5607845863	654
0.5607348717	392
0.5606189038	3525
0.5605799866	2324
0.5605642058	14482
0.5605642058	13900
0.5605642058	9046
0.5605642058	6844
0.5605642058	6443
0.5605642058	6216
0.5605642058	5964
0.5605642058	3571
0.5605642058	2280
0.5605642058	1203
0.5605642058	763
0.5605642058	209
0.5604372378	944
0.5604193849	1794
0.5601536066	742
0.5601367858	3617
0.5599445426	241
0.5599185785	4031
0.5599131610	5776
0.5599094027	3753
0.5598393773	4026
0.5598151873	3072
0.5596182188	3711
0.5595756745	3499
0.5594772553	4823
0.5594772553	4418
0.5594627526	213
0.5592809837	1393
0.5590880647	3025
0.5590125737	7125
0.5590125737	5346
0.5590125737	3175
0.5590125737	969
0.5590125737	887
0.5588300828	18229
0.5588300828	14751
0.5588300828	14500
0.5588300828	14229
0.5588300828	14033
0.5588300828	12920
0.5588300828	12782
0.5588300828	12774
0.5588300828	12107
0.5588300828	11430
0.5588300828	10588
0.5588300828	10122
0.5588300828	10024
0.5588300828	9736
0.5588300828	9190
0.5588300828	9052
0.5588300828	8894
0.5588300828	8882
0.5588300828	8637
0.5588300828	8206
0.5588300828	7961
0.5588300828	7958
0.5588300828	7366
0.5588300828	6960
0.5588300828	6829
0.5588300828	6806
0.5588300828	6679
0.5588300828	6360
0.5588300828	6258
0.5588300828	6147
0.5588300828	6058
0.5588300828	5687
0.5588300828	5499
0.5588300828	5439
0.5588300828	5389
0.5588300828	5388
0.5588300828	5124
0.5588300828	5119
0.5588300828	4984
0.5588300828	4780
0.5588300828	4676
0.5588300828	4539
0.5588300828	4398
0.5588300828	4325
0.5588300828	4310
0.5588300828	4186
0.5588300828	3819
0.5588300828	3775
0.5588300828	3572
0.5588300828	3510
0.5588300828	3508
0.5588300828	3372
0.5588300828	3128
0.5588300828	3086
0.5588300828	2997
0.5588300828	2942
0.5588300828	2355
0.5588300828	2212
0.5588300828	1865
0.5588300828	1630
0.5588300828	1180
0.5588300828	904
0.5588300828	469
0.5588300828	201
0.5588300828	110
0.5588300828	104
0.5588300828	8816
0.5588300828	7705
0.5588300828	4187
0.5587872438	9442
0.5587872438	8714
0.5587872438	6538
0.5587872438	4395
0.5587872438	2619
0.5587872438	1285
0.5586124501	3290
0.5584008571	4592
0.5581843069	3742
0.5581351812	999
0.5579474419	14160
0.5578464890	1000
0.5577502326	683
0.5576861356	574
0.5576611974	6971
0.5576145727	425
0.5572744549	225
0.5572600727	409
0.5571614025	1403
0.5571089806	1940
0.5570223729	3697
0.5569732707	4875
0.5568682346	3159
0.5564719021	4600
0.5564160939	2013
0.5562477101	8076
0.5561406186	415
0.5559772553	2103
0.5558994556	317
0.5558857255	1360
0.5558457430	1428
0.5558218021	2741
0.5556774199	585
0.5556487476	14006
0.5555001904	3848
0.5554783778	3710
0.5551787703	441
0.5551370863	3749
0.5550152631	747
0.5548998450	4178
0.5548539730	3808
0.5547311107	2698
0.5547311107	2568
0.5547311107	1977
0.5543305525	1073
0.5543218957	18160
0.5543218957	2352
0.5543218957	4215
0.5543081507	1938
0.5543081507	5822
0.5541542341	1498
0.5541446000	1807
0.5541381191	3991
0.5539756007	15693
0.5539091549	881
0.5538936180	7561
0.5537969795	4022
0.5537969795	5138
0.5536609385	3506
0.5536182188	1625
0.5535587643	3953
0.5534845941	3213
0.5533693518	8852
0.5533693518	1512
0.5533394638	4848
0.5533394638	3727
0.5533394638	136
0.5531649220	2931
0.5529930056	785
0.5529646395	2361
0.5526073633	1084
0.5524281348	5122
0.5521774553	6201
0.5521625059	79
0.5521434330	2965
0.5521086312	6613
0.5519771523	2445
0.5516111441	320
0.5515730923	4116
0.5515693457	4524
0.5514445368	4043
0.5514428521	5599
0.5514428521	2004
0.5514428521	1682
0.5514428521	1473
0.5514428521	1344
0.5514428521	852
0.5514428521	602
0.5514428521	515
0.5514428521	15188
0.5514428521	13200
0.5514428521	11789
0.5514428521	7995
0.5514428521	7970
0.5514428521	7695
0.5514428521	6630
0.5514428521	6435
0.5514428521	6161
0.5514428521	5303
0.5514428521	4221
0.5514428521	4133
0.5514428521	3767
0.5514428521	3208
0.5514428521	3069
0.5514428521	2711
0.5514428521	2544
0.5513206262	1889
0.5511559418	6795
0.5509627934	3766
0.5508644885	4183
0.5507797962	3760
0.5506751821	123
0.5503488968	748
0.5501668936	5083
0.5498671280	749
0.5487274006	1805
0.5483037833	3299
0.5482465553	2918
0.5481616412	9258
0.5477224121	13610
0.5474830567	561
0.5474830567	5580
0.5474830567	3855
0.5474830567	3823
0.5474830567	3806
0.5474830567	1171
0.5474142869	885
0.5473665305	3621
0.5468316521	199
0.5467509066	5949
0.5467509066	7968
0.5467509066	6262
0.5467509066	3059
0.5464333519	336
0.5463243346	783
0.5460546588	5881
0.5460016763	1154
0.5460000015	896
0.5458204528	151
0.5457474010	239
0.5454771513	3577
0.5453704923	1217
0.5451664822	54
0.5451268179	29
0.5449765750	2489
0.5446559051	59
0.5444340751	63
0.5440238049	2948
0.5438353760	4223
0.5436662252	7537
0.5436662252	2454
0.5433940673	2356
0.5432834191	7268
0.5431393352	7541
0.5428564718	7370
0.5428564718	6382
0.5428564718	5714
0.5428564718	2030
0.5428030232	1051
0.5427704824	1062
0.5425675262	283
0.5425643449	2900
0.5421718923	527
0.5419785362	3752
0.5418966143	2721
0.5418966143	2629
0.5417724907	2296
0.5417601216	271
0.5417043073	11237
0.5417043073	8647
0.5417043073	8524
0.5417043073	7609
0.5417043073	7444
0.5417043073	7260
0.5417043073	7169
0.5417043073	6503
0.5417043073	6502
0.5417043073	5886
0.5417043073	4871
0.5417043073	4219
0.5417043073	3916
0.5417043073	3820
0.5417043073	3701
0.5417043073	3390
0.5417043073	3146
0.5417043073	2837
0.5417043073	1896
0.5417043073	1055
0.5417043073	250
0.5417043073	236
0.5414452641	668
0.5413900871	393
0.5408648317	776
0.5408541733	1999
0.5406421965	2482
0.5405544638	4928
0.5405544638	2058
0.5404640823	1452
0.5403478333	2126
0.5402214619	1635
0.5402189429	1035
0.5401309944	76
0.5400398287	5895
0.5400398287	5366
0.5400398287	2893
0.5400398287	1586
0.5399450921	16615
0.5398851389	2156
0.5398851389	78
0.5398774006	1075
0.5396482373	484
0.5394721572	5909
0.5394721572	1731
0.5394721572	1365
0.5394558315	3547
0.5391567234	1099
0.5390653774	5133
0.5390653774	1632
0.5389146839	2038
0.5388892901	987
0.5387629552	6808
0.5387629552	6190
0.5387629552	988
0.5385920585	6150
0.5385920585	3004
0.5385920585	1906
0.5384640823	1143
0.5383745467	4181
0.5382065672	4131
0.5382033891	1306
0.5381233716	5114
0.5381233716	989
0.5377799197	6465
0.5377799197	4050
0.5377799197	3600
0.5377464260	2964
0.5376880128	3772
0.5373599287	146
0.5373353653	1431
0.5368019582	3683
0.5367796723	3840
0.5362843334	5284
0.5362843334	1195
0.5362753710	7468
0.5362753710	4734
0.5362753710	4590
0.5362753710	670
0.5362649137	9053
0.5362649137	5990
0.5362233151	6893
0.5360009421	2462
0.5358925848	2719
0.5358751462	4671
0.5358316481	5188
0.5358316481	1800
0.5358316481	853
0.5356572116	2779
0.5354165356	6227
0.5354029254	6123
0.5353243156	1600
0.5353011692	542
0.5350783926	9930
0.5347621451	4444
0.5342059805	142
0.5342052450	1434
0.5341184110	914
0.5338618262	1379
0.5336741160	3014
0.5333349671	1398
0.5333131842	1692
0.5332271099	6719
0.5332271099	4054
0.5332271099	3055
0.5332271099	1049
0.5330053776	2556
0.5328979533	8963
0.5327706439	6600
0.5327610794	3654
0.5327610794	2265
0.5327610794	2127
0.5324671255	1057
0.5324373710	3092
0.5321609188	3365
0.5316139297	5667
0.5314734595	4543
0.5313619297	1870
0.5308317074	2491
0.5306193169	293
0.5304817053	11
0.5301714375	1346
0.5297941300	4189
0.5297693169	2917
0.5297693169	291
0.5296259762	2191
0.5289180914	1945
0.5285801287	9728
0.5285801287	7407
0.5285801287	7281
0.5285801287	5790
0.5285801287	5272
0.5285801287	5223
0.5285801287	4235
0.5285801287	2228
0.5285801287	1821
0.5285801287	1810
0.5285801287	1564
0.5285801287	1115
0.5285801287	726
0.5285801287	665
0.5285801287	175
0.5285801287	8520
0.5285801287	8194
0.5285801287	7403
0.5285801287	5952
0.5285801287	4373
0.5285801287	4350
0.5285801287	3360
0.5285801287	363
0.5282243660	7347
0.5276726267	5417
0.5272737412	5249
0.5270523639	2377
0.5270523639	1265
0.5269428030	2034
0.5269256053	5180
0.5264833957	4599
0.5260928030	3610
0.5255523639	4206
0.5253084786	1357
0.5252106972	1168
0.5250814422	2912
0.5248416546	3212
0.5245546060	1438
0.5244098638	2448
0.5243552718	2924
0.5243159629	1144
0.5238150253	3901
0.5233854989	804
0.5232596277	958
0.5231814511	547
0.5220840918	614
0.5219484109	1018
0.5218080868	723
0.5217700638	640
0.5217106942	1499
0.5212009751	4020
0.5208690509	3566
0.5208690509	576
0.5208690509	9180
0.5208690509	7326
0.5208690509	2496
0.5201287474	3967
0.5195250948	2608
0.5195250948	2574
0.5194566305	594
0.5190541773	613
0.5189878617	3562
0.5186402209	4368
0.5184877229	2205
0.5182815204	1566
0.5179760476	938
0.5179729483	4001
0.5178991706	1485
0.5178890322	4267
0.5178887149	2884
0.5178652578	985
0.5177078062	1111
0.5176647844	6077
0.5174114041	2363
0.5173847886	1148
0.5172734220	4102
0.5170912904	7353
0.5162822397	3972
0.5161505179	5192
0.5159103269	3554
0.5159067553	3733
0.5157718142	2852
0.5154600133	1450
0.5153548658	3828
0.5150103881	754
0.5147935962	4969
0.5147125693	4884
0.5145913673	9275
0.5145913673	4153
0.5143003681	348
0.5142140503	1885
0.5142067553	5397
0.5141442864	1086
0.5139662950	12548
0.5139662950	6695
0.5139662950	5514
0.5139662950	5271
0.5139662950	4882
0.5139662950	4858
0.5139662950	4510
0.5139662950	4158
0.5139662950	2771
0.5139662950	1869
0.5139662950	982
0.5139662950	662
0.5139662950	404
0.5134118366	284
0.5133903632	722
0.5133590973	219
0.5133570916	3637
0.5131339886	800
0.5129814445	1259
0.5129015636	4059
0.5127098969	4324
0.5126760775	2587
0.5125657012	414
0.5125424783	2006
0.5122976359	1266
0.5122976359	3669
0.5122705743	7666
0.5120068988	2873
0.5110090005	7006
0.5107423149	1359
0.5105930018	3986
0.5105930018	3082
0.5104493197	99
0.5098999930	3985
0.5092504408	586
0.5088973193	296
0.5088080859	4411
0.5087081232	4299
0.5082150465	233
0.5081279427	1616
0.5078821704	1825
0.5076886114	7035
0.5076213910	10384
0.5076213910	8329
0.5076213910	5765
0.5076213910	3248
0.5076213910	684
0.5076213910	504
0.5073676097	4396
0.5073228206	1475
0.5069768133	124
0.5068317170	1813
0.5065417835	1385
0.5059943997	1665
0.5059943997	4125
0.5059096710	2521
0.5057170005	7360
0.5057170005	5414
0.5057170005	4834
0.5057170005	4388
0.5057170005	4110
0.5057170005	3337
0.5057170005	1994
0.5057170005	1732
0.5057170005	1147
0.5057170005	760
0.5057170005	610
0.5057170005	446
0.5057170005	67
0.5051423210	4188
0.5050512326	2415
0.5045638322	789
0.5044586245	194
0.5043959989	3232
0.5040573622	8097
0.5039736884	12261
0.5039736884	9123
0.5039736884	9032
0.5039736884	6079
0.5039736884	4222
0.5039736884	1981
0.5039736884	889
0.5039736884	876
0.5039186177	19050
0.5037350350	1405
0.5037350350	5699
0.5037350350	3656
0.5037350350	2441
0.5037350350	1445
0.5035328321	454
0.5035062722	5228
0.5033541587	1197
0.5033140503	1013
0.5030089528	1767
0.5024146943	524
0.5023903841	13966
0.5023903841	4684
0.5023903841	3954
0.5023575655	4132
0.5023466972	2925
0.5023466972	797
0.5023466972	351
0.5021999079	8711
0.5021999079	8241
0.5021999079	5348
0.5021999079	3816
0.5021999079	2060
0.5021870167	1095
0.5021148446	468
0.5019784194	1015
0.5019502231	805
0.5019296695	4268
0.5019296695	330
0.5018912894	529
0.5017697591	1261
0.5017482963	3786
0.5017482963	2074
0.5017482963	1734
0.5016601937	1598
0.5015944721	623
0.5015396577	1690
0.5015396577	50
0.5013882629	287
0.5012859348	2344
0.5012859348	537
0.5010432139	5383
0.5010432139	4586
0.5010432139	3732
0.5010432139	235
0.5010331937	3404
0.5006546695	995
0.5006330432	2592
0.5006330432	4978
0.5006330432	3833
0.5005898944	8708
0.5005898944	6265
0.5005898944	5595
0.5005898944	5590
0.5005898944	5425
0.5005898944	5212
0.5005898944	5127
0.5005898944	4923
0.5005898944	4402
0.5005898944	3681
0.5005898944	2909
0.5005898944	975
0.5005898944	736
0.5005898944	500
0.5005375266	3519
0.5005375266	3432
0.5005375266	3298
0.5005375266	3023
0.5005375266	1184
0.5003962245	5444
0.5003818524	16775
0.5000867807	5179
0.5000737486	6361
0.5000737486	5239
0.5000737486	2667
0.5000737486	1165
0.4999914936	1842
0.4999914936	1649
0.4999914936	1575
0.4999914936	567
0.4999886944	1788
0.4998427935	1875
0.4997926536	3671
0.4996885427	5513
0.4996885427	3789
0.4993195728	704
0.4992771157	1663
0.4992625266	5299
0.4990561598	533
0.4988623761	7969
0.4988623761	4570
0.4988623761	4321
0.4988623761	2325
0.4988623761	2258
0.4988623761	541
0.4987293359	1054
0.4985965516	7204
0.4985965516	3689
0.4985965516	1827
0.4985965516	793
0.4982785926	147
0.4981151650	3862
0.4981062255	333
0.4981041587	7748
0.4981041587	4776
0.4981041587	1737
0.4981041587	7116
0.4981041587	4381
0.4981041587	3763
0.4981041587	3703
0.4981041587	3491
0.4981041587	3071
0.4981041587	2949
0.4981041587	2816
0.4981041587	2743
0.4981041587	2638
0.4981041587	977
0.4979955737	5185
0.4977989355	8183
0.4977989355	6664
0.4977989355	5804
0.4977989355	5416
0.4977989355	4305
0.4977989355	2306
0.4974859367	5007
0.4970237319	799
0.4968785995	2359
0.4967675024	3869
0.4966663873	4200
0.4966650273	4397
0.4964223590	4522
0.4962406216	179
0.4961475998	908
0.4957932324	622
0.4954085141	1642
0.4949612066	464
0.4946800086	65
0.4944334288	4827
0.4944334288	1774
0.4942531068	4532
0.4933575797	3335
0.4933466752	822
0.4932074806	1122
0.4930774984	202
0.4930165219	3179
0.4928962202	3731
0.4928764293	5086
0.4927855680	601
0.4926800086	472
0.4922011172	1414
0.4921800086	1177
0.4914434771	4688
0.4912718179	2021
0.4912011172	4912
0.4910961509	7174
0.4910961509	6105
0.4910961509	2780
0.4908466752	3293
0.4902011172	3279
0.4902011172	2106
0.4901749380	2052
0.4898795825	305
0.4896572264	48
0.4894068965	512
0.4892747491	56
0.4891721195	4421
0.4888284147	4032
0.4888284147	2547
0.4887102057	1048
0.4887068424	2781
0.4887011172	5926
0.4887011172	2189
0.4885794842	2042
0.4885145566	1135
0.4885145566	420
0.4884598280	4331
0.4883072620	5769
0.4883072620	598
0.4883034147	5005
0.4883034147	1116
0.4881871008	916
0.4881871008	3309
0.4881721195	3978
0.4880908920	4302
0.4880794842	6091
0.4879072649	3636
0.4878677838	4141
0.4875034147	3861
0.4873895566	1507
0.4873478899	8633
0.4872794842	2007
0.4870145566	2720
0.4868478899	4497
0.4866991533	2077
0.4865145566	6080
0.4864072649	4531
0.4864072649	1372
0.4864072649	1343
0.4864072649	1228
0.4863799412	616
0.4862684703	2941
0.4862367254	3285
0.4862239485	1047
0.4861812233	3137
0.4860226495	1799
0.4860226495	170
0.4859312233	5081
0.4859312233	4023
0.4859165761	753
0.4856926456	3768
0.4856197258	108
0.4855145566	1812
0.4855056614	983
0.4851812233	3835
0.4850478899	5730
0.4850478899	3497
0.4849639947	3517
0.4849395258	5234
0.4849395258	2240
0.4848238844	465
0.4846280067	5034
0.4846280067	2468
0.4846280067	3280
0.4846164748	959
0.4844618623	2264
0.4843812233	4781
0.4839639947	939
0.4838360399	321
0.4837980028	2557
0.4837114625	121
0.4836145258	4504
0.4836145258	2540
0.4832941225	878
0.4832515250	285
0.4830663954	778
0.4829814324	628
0.4828190051	1770
0.4826221839	28
0.4822552831	935
0.4818190051	4019
0.4818190051	3085
0.4818168498	3521
0.4817613241	2936
0.4816836433	357
0.4816270633	6700
0.4815724649	750
0.4815417776	44
0.4812790333	43
0.4810079972	2250
0.4809861719	3879
0.4807356718	3682
0.4805566506	1024
0.4801356718	6748
0.4801356718	5394
0.4795326469	1441
0.4794414288	516
0.4785085521	592
0.4784770713	4246
0.4783709928	968
0.4777498031	217
0.4772104748	523
0.4771765004	32
0.4770133485	979
0.4767312688	386
0.4765515004	165
0.4764230178	456
0.4762054637	502
0.4744477360	1783
0.4739638360	782
0.4736604396	2238
0.4732577138	8993
0.4729820399	882
0.4721561041	766
0.4708475249	986
0.4706036822	4123
0.4705127855	2956
0.4699871590	1849
0.4697997785	497
0.4697501659	327
0.4696661064	836
0.4693667457	125
0.4689320580	1139
0.4681946370	2080
0.4678482825	1102
0.4677917311	93
0.4676477005	611
0.4675997416	10372
0.4675997416	4577
0.4675210443	378
0.4667941207	267
0.4665361675	3138
0.4665361675	519
0.4664181454	20
0.4661568920	370
0.4651931796	1544
0.4651232403	1601
0.4632540502	8628
0.4628953285	27
0.4627088459	42
0.4617527234	3439
0.4613152977	187
0.4612502886	174
0.4606139276	775
0.4604016995	1991
0.4603928691	4193
0.4601368403	1572
0.4595658802	729
0.4588761351	728
0.4586972414	286
0.4584544782	803
0.4584432374	463
0.4575717581	18
0.4572870135	86
0.4571563095	313
0.4562351166	1002
0.4561809057	275
0.4552815995	1857
0.4547271830	457
0.4545497905	919
0.4545382760	991
0.4536445016	5480
0.4533765606	39
0.4528112278	1584
0.4525997636	4931
0.4525155239	417
0.4524943220	2032
0.4524438670	8579
0.4524438670	7826
0.4524438670	612
0.4519377412	1439
0.4518514649	3561
0.4510964168	2085
0.4507610126	81
0.4506732082	2700
0.4506726642	92
0.4498668351	95
0.4493880560	5118
0.4488933141	5157
0.4469894687	859
0.4468162111	105
0.4465325368	8103
0.4465325368	3589
0.4460354235	455
0.4460174498	673
0.4450598939	376
0.4439192545	383
0.4436428357	25
0.4413198948	2515
0.4409880297	262
0.4383019687	57
0.4374124441	3053
0.4365663605	4349
0.4364695293	216
0.4345252068	30
0.4344693211	5159
0.4339881524	1811
0.4335427836	206
0.4334841938	6283
0.4334464656	6563
0.4331608370	2689
0.4326018156	5240
0.4324157368	5840
0.4316801642	5365
0.4316801642	4464
0.4310087597	6386
0.4308871432	8844
0.4306109682	3036
0.4303101965	4960
0.4287378445	7078
0.4284539808	1098
0.4284150386	11407
0.4282756081	597
0.4276372958	347
0.4272607738	4198
0.4263666091	1751
0.4263608014	3678
0.4260992708	18307
0.4260992708	14002
0.4258717797	8376
0.4254048968	14142
0.4254048968	9311
0.4254048968	7889
0.4254048968	7652
0.4254048968	14791
0.4252213122	906
0.4252213122	7120
0.4252213122	3206
0.4252107648	2137
0.4252107648	2051
0.4252107648	1114
0.4252107648	5491
0.4252107648	5004
0.4251081572	8112
0.4251081572	2970
0.4232361434	6906
0.4231236300	6665
0.4231236300	5353
0.4231236300	3936
0.4231236300	2724
0.4231236300	15989
0.4231236300	7550
0.4231236300	1149
0.4227169752	4690
0.4226868649	2270
0.4224743457	7374
0.4224743457	4804
0.4224743457	1963
0.4224743457	1523
0.4221769717	2960
0.4219917808	703
0.4219917808	6578
0.4219917808	1917
0.4219917808	9524
0.4219917808	18308
0.4219917808	4716
0.4218675912	20591
0.4218675912	2958
0.4215176452	8707
0.4215176452	4192
0.4194763964	1947
0.4190908691	7542
0.4174430169	5169
0.4156022443	934
0.4150150793	470
0.4150080214	1670
0.4143407265	6826
0.4141325904	4351
0.4141162771	5315
0.4140338552	8244
0.4140338552	4171
0.4125769576	6588
0.4123297727	4736
0.4112353630	222
0.4112123629	1939
0.4106371760	467
0.4105375200	3677
0.4104122186	2992
0.4096276075	385
0.4089983496	3464
0.4083922872	2996
0.4081227308	595
0.4079936612	1644
0.4079904071	3162
0.4078319751	2487
0.4075955731	15978
0.4075955731	5561
0.4075955731	3690
0.4075955731	458
0.4070662629	3112
0.4056731526	813
0.4053069501	1321
0.4040419641	2969
0.4036299549	3170
0.4019688344	2611
0.4018789890	1447
0.4014341409	2669
0.4013592077	2153
0.4010521677	1109
0.4010521677	4365
0.4008198089	4681
0.4007335541	2800
0.4004998999	1166
0.4004585541	821
0.4004317120	3255
0.4004317120	1677
0.4004317120	1446
0.3998042977	2645
0.3996875784	156
0.3982088051	796
0.3975701622	2923
0.3975623099	1164
0.3973816192	814
0.3964643508	854
0.3960539675	10079
0.3960539675	2670
0.3960521813	358
0.3954695927	4645
0.3951609491	8807
0.3949679674	2414
0.3943864815	6635
0.3939790482	1133
0.3938481712	2668
0.3931472396	788
0.3929012087	4555
0.3929012087	2236
0.3928577866	3205
0.3921658261	4311
0.3921658261	3604
0.3920914643	6056
0.3919220093	528
0.3918433383	5558
0.3917366490	777
0.3915467734	996
0.3904365744	304
0.3903747976	1819
0.3895319820	15
0.3888755379	2597
0.3888755379	2139
0.3883765018	3805
0.3880531482	177
0.3879091267	4991
0.3877924600	6352
0.3875933383	6542
0.3873755379	3818
0.3871196138	387
0.3868796285	5339
0.3865720663	1189
0.3865245113	774
0.3861099634	5246
0.3858936555	499
0.3857141300	3165
0.3857141300	143
0.3856534337	2651
0.3854230672	436
0.3853603357	540
0.3850506958	1540
0.3849924600	1307
0.3849234848	6628
0.3848897475	570
0.3848586625	621
0.3847048154	2431
0.3842208488	5155
0.3842208488	3196
0.3841101708	846
0.3840235826	332
0.3836466586	3613
0.3834801685	819
0.3834305487	3221
0.3832950469	0
0.3831987428	4145
0.3828936555	488
0.3827084268	155
0.3826250934	309
0.3822614684	666
0.3822247468	1626
0.3822247468	681
0.3820774865	9
0.3820528803	6882
0.3820528803	5977
0.3820375510	3449
0.3818024865	1368
0.3815946939	915
0.3812499391	5703
0.3805901005	150
0.3803866024	208
0.3803708844	2420
0.3802676201	338
0.3801298157	266
0.3796801138	6209
0.3796250934	1232
0.3792324449	810
0.3789898203	153
0.3787051777	5095
0.3787051777	2661
0.3783774039	2922
0.3783708844	362
0.3780490973	2887
0.3780490973	2091
0.3778435448	5474
0.3775623709	2713
0.3772355252	790
0.3770490973	6007
0.3770490973	1247
0.3760124713	72
0.3759237357	323
0.3757675876	5846
0.3757675876	5521
0.3756825057	1388
0.3755243903	5216
0.3755243903	4637
0.3754904566	1612
0.3753274568	227
0.3750764576	1039
0.3750191868	1915
0.3747759895	5582
0.3730533123	2425
0.3730210544	89
0.3727412268	2436
0.3725210544	1463
0.3724658105	97
0.3723209166	2525
0.3723111431	471
0.3721675995	3632
0.3715113013	1242
0.3714459166	1030
0.3712222731	1128
0.3708427278	1193
0.3708427278	58
0.3707292500	603
0.3701047748	1599
0.3699792500	1191
0.3694658105	55
0.3692955295	1594
0.3691594710	448
0.3688019137	483
0.3683803546	47
0.3675738013	4745
0.3674273857	631
0.3673970968	447
0.3673200158	1312
0.3672264305	228
0.3670442636	87
0.3669113579	444
0.3664779679	98
0.3659954797	2705
0.3653183926	1169
0.3649466009	1188
0.3647588688	1782
0.3647588688	1740
0.3646088985	2112
0.3643255354	1297
0.3637826866	329
0.3637563136	401
0.3631144541	1421
0.3626375692	1482
0.3623410414	1126
0.3618642348	377
0.3617591708	60
0.3617591708	480
0.3617591708	479
0.3617591708	256
0.3617591708	19
0.3617427808	745
0.3616559316	1096
0.3608013394	45
0.3607591708	120
0.3607591708	371
0.3607591708	80
0.3598013394	24
