-1111
-
2482
%
!
13059
-1111
17090
/
-1111
-1111
" 108
-
- -
- - -
- - - -
- - - - -
8376
1439
92
28
623
471
1030
980
14808
5095
12630
165
25878
612
1388
125
14791
6665
9
338
1475
4716
463
499
4719
4532
2021
13466
20
47
6588
444
-1111
-1111
22226
-1111
-1111
-1111
-1111
5559
1359
-1111
5703
45
2091
27
10126
14391
-1111
1584
93
2153
8106
-1111
296
19
458
1109
2724
13459
15106
480
1767
-1111
4315
55
22449
813
-1111
3389
467
1368
859
7826
262
7714
57
376
1013
23058
1482
5353
-1111
1242
1819
2992
12613
628
1149
2969
-1111
1752
19432
4452
15618
1836
2951
1782
1002
3561
1783
745
668
8103
934
9491
1047
5315
728
1102
1099
1357
-1111
135
1947
-1111
150
179
2781
-1111
16333
595
377
-1111
20081
132
6093
5339
213
8575
177
25229
4804
-1111
-1111
-1111
-1111
5460
1997
16034
2448
1122
2689
906
22588
1095
304
959
155
1692
39
8346
19520
-1111
309
275
666
4351
789
-1111
21488
-1111
483
2709
17820
22306
10766
-1111
-1111
-1111
-1111
194
401
-1111
6629
479
60
1644
11265
-1111
2960
3138
3448
1144
15678
-1111
19135
-1111
-1111
-1111
439
16392
-1111
5118
-1111
-1111
1098
-1111
788
805
6072
222
-1111
7347
42
-1111
17025
10372
370
1740
4688
703
25827
4577
991
-1111
24
332
228
6882
4349
8105
38
19104
-1111
2874
11902
-1111
803
2006
1626
-1111
2996
985
-1111
592
378
-1111
1521
2238
25600
5444
3036
11121
20457
24241
-1111
2270
681
1447
1126
-1111
14510
782
-1111
15524
603
986
5240
540
13944
3464
1915
10539
-1111
1885
19241
1241
-1111
996
4736
601
5846
7838
5159
2151
20414
1054
4931
347
48
-1111
2112
3219
-1111
5169
2661
417
-1111
4246
2431
-1111
1670
11536
30
2970
6007
3862
3403
-1111
1385
174
597
285
8707
327
7652
227
313
2051
9524
-1111
436
-1111
-1111
208
7550
266
470
6983
414
5155
1321
799
8579
8112
-1111
1566
512
6972
5521
5246
5480
-1111
1231
-1111
1438
3728
5461
1857
12556
20812
5795
6578
20681
143
1188
854
108
10159
502
-1111
22253
-1111
3031
2912
23123
13855
26236
1608
6334
-1111
1111
979
2033
-1111
-1111
25786
1110
5978
6635
570
10321
5090
72
2611
358
6563
387
-1111
-1111
-1111
-1111
8973
13090
17139
-1111
19473
-1111
16134
2354
5810
58
1751
1499
-1111
-1111
524
2663
1825
16100
25405
9581
383
-1111
21127
-1111
371
-1111
32
448
-1111
1193
15067
2924
-1111
488
8872
15978
4365
19321
-1111
-1111
121
1133
16966
3053
516
-1111
26108
1421
3589
357
2705
2922
-1111
15
18
239
-1111
12562
2085
1917
5754
-1111
-1111
25039
-1111
5157
523
2515
6973
1594
8313
7276
2834
1991
-1111
750
3112
1811
43
216
1642
2367
766
1677
-1111
1048
2250
1540
1616
3632
-1111
98
3439
21023
-1111
80
1114
621
-1111
1544
1995
120
519
2298
0
-1111
75
6056
-1111
1612
4049
21388
24970
-1111
5007
256
1232
-1111
1039
-1111
1000
2670
2525
-1111
6628
-1111
-1111
25
729
1601
-1111
4745
4745
1086
3072
-1111
6209
25037
-1111
-1111
-1111
-1111
3760
7044
2482
" 108
" 108
-
- -
- - -
28
471
1030
5095
165
25878
612
1388
125
9
338
1475
4716
463
499
4719
4532
2021
13466
-1111
586
20
47
6588
444
-1111
22226
-1111
-1111
-1111
45
2091
27
93
5374
19
458
1109
2724
13459
15106
480
1767
-1111
4315
55
813
-1111
3389
859
7826
-1111
262
4602
57
376
21840
1482
5353
2969
1572
8436
745
-1111
8628
3196
3366
1099
135
1947
880
150
2781
16333
595
377
2507
-1111
20081
16503
132
8575
177
25229
4804
-1111
-1111
-1111
2448
906
6488
-1111
-1111
15989
9675
1095
304
39
8346
19520
8993
81
309
275
8972
3985
666
-1111
3206
17820
401
479
60
11265
3138
3448
1144
15678
-1111
19135
-1111
-1111
-1111
16392
-1111
5118
1098
788
1523
805
6072
222
42
17025
10372
1963
991
24
332
228
6882
19104
1626
985
-1111
592
378
-1111
790
1447
1126
14510
-1111
603
-1111
-1111
986
5240
540
13944
15797
3464
1915
10539
-1111
19241
1241
5159
2151
20414
4931
347
48
-1111
3219
-1111
5169
417
-1111
2431
-1111
30
2970
6007
174
597
285
327
7652
227
313
2051
9524
436
-1111
-1111
208
266
6983
1024
799
8579
-1111
-1111
3728
1857
502
13855
1608
6334
-1111
1111
1110
570
5090
72
2032
1939
2611
-1111
358
1337
6563
387
-1111
-1111
-1111
8973
13090
-1111
58
1499
775
2663
206
383
371
32
448
1193
15067
2924
-1111
488
8872
15978
4365
19321
-1111
121
1133
167
4193
3053
516
1421
3589
357
2705
2922
-1111
15
18
239
-1111
4595
2085
1917
9138
2700
523
6973
1594
1991
750
3112
1811
1616
3632
80
621
519
2298
0
-1111
75
6056
-1111
1612
4049
21388
24970
-1111
5007
256
1232
-1111
1039
-1111
1000
2670
2525
-1111
6628
25
729
1601
4745
6209
25037
-1111
-1111
-1111
-1111
-1111
-1111
-1111
-1111
-1111
-1111
-1111
-1111
-1111
-1111
-1111
-1111
-1111
-1111
-1111
-1111
-1111
-1111
-1111
-1111
-1111
26335
-1111
-1111
-1111
-1111
-1111
-1111
-1111
-1111
-1111
-1111
4911
13150
3103
-1111
-1111
-1111
-1111
-1111
-1111
-1111
-1111
-1111
-1111
-1111
-1111
-1111
-1111
-1111
-1111
7156
8667
-1111
-1111
-1111
-1111
-1111
-1111
-1111
-1111
-1111
-1111
-1111
-1111
-1111
-1111
-1111
-1111
-1111
-1111
-1111
-1111
-1111
-1111
-1111
-1111
-1111
1544
120
-1111
-1111
-1111
-1111
-1111
-1111
-1111
-1111
-1111
-1111
-1111
-1111
-1111
-1111
-1111
-1111
-1111
-1111
-1111
-1111
-1111
-1111
-1111
-1111
-1111
-1111
-1111
-1111
-1111
-1111
-1111
-1111
-1111
-1111
-1111
-1111
-1111
-1111
-1111
-1111
-1111
-1111 "
-1111
-1111
-1111
-1111
-1111
-1111
2482
" 108
" 108
-
- -
- - -
28
471
1030
165
612
1388
125
4532
20
47
444
45
-1111
27
93
19
1109
480
1767
55
813
859
262
57
376
-1111
5353
745
-1111
728
-1111
1099
1357
-1111
-1111
-1111
1947
150
2781
906
39
275
666
401
-1111
479
-1111
60
-1111
1644
11265
-1111
-1111
-1111
3448
1144
-1111
-1111
-1111
16392
-1111
5118
1098
-1111
805
-1111
-1111
-1111
-1111
222
42
991
24
-1111
332
-1111
228
6882
-1111
14510
986
540
-1111
10539
-1111
48
5169
417
30
2970
174
597
327
227
313
-1111
436
-1111
-1111
208
266
6983
502
-1111
5090
-1111
-1111
-1111
72
-1111
6563
387
1499
383
371
-1111
32
448
-1111
1193
15067
2924
488
-1111
121
1133
-1111
-1111
-1111
-1111
516
1421
2705
18
-1111
1594
1991
750
1616
80
-1111
621
-1111
-1111
-1111
-1111
120
-1111
519
-1111
0
-1111
6056
-1111
256
1232
1039
-1111
2670
-1111
-1111
25
-1111
4745
-1111
25037
-1111
-1111
-1111
-1111
-1111
-1111
-1111
-1111
28
296
1013
934
179
1122
789
194
805
4349
38
2006
2270
1885
1670
414
5480
1438
108
524
2515
1048
3439
1086
3072
3760
32
19
18
30
47
28
42
371
60
805
332
39
417
174
25
11265
27
25037
1099
93
516
57
5118
376
275
1133
621
22253
3448
5090
227
20
6628
10539
285
125
4745
488
448
519
6563
750
208
222
471
1039
-1111
256
17820
14510
0
7374
1482
2238
882
48
8105
16392
11902
2663
1448
991
287
-1111
846
387
745
1193
13855
313
383
2924
2431
11121
327
1752
228
266
16966
463
5374
165
43
523
1098
436
777
1095
1544
1114
177
1054
21023
1109
444
121
3206
2936
540
1811
